0  0
100  31622.7766016838
200  72111.0255092798
300  127279.220613579
400  200000
500  291547.594742265
600  402492.235949962
700  533104.117410474
800  683520.299625402
900  853814.968245462
1000  1044030.65089106
1100  1254192.96760905
1200  1484318.02522236
1300  1734416.32833642
1400  2004494.94885869
1500  2294558.78111675
1600  2604611.29537595
1700  2934655.00527745
1800  3284691.76636104
1900  3654722.97171756
2000  4044749.68323134
2100  4454772.72147525
2200  4884792.72845839
2300  5334810.21218187
2400  5804825.57877496
2500  6294839.15600708
2600  6804851.21071725
2700  7334861.96189131
2800  7884871.59058409
2900  8454880.24752569
3000  9044888.0590088
3100  9654895.13148641
3200  10284901.5551924
3300  10934907.4070154
3400  11604912.7527957
3500  12294917.6491752
3600  13004922.1450957
3700  13734926.2830202
3800  14484930.0999349
3900  15254933.6281742
4000  16044936.8961053
4100  16854939.9286975
4200  17684942.7479989
4300  18534945.373537
4400  19404947.822656
4500  20294950.1108034
4600  21204952.2517736
4700  22134954.2579152
4800  23084956.1403092
4900  24054957.9089218
5000  25044959.5727364
5100  26054961.1398674
5200  27084962.6176593
5300  28134964.0127724
5400  29204965.3312583
5500  30294966.5786249
5600  31404967.7598943
5700  32534968.8796532
5800  33684969.9420973
5900  34854970.951071
6000  36044971.9101014
6100  37254972.82243
6200  38484973.6910395
6300  39734974.5186781
6400  41004975.3078818
6500  42294976.0609933
6600  43604976.7801796
6700  44934977.4674473
6800  46284978.1246573
6900  47654978.7535363
7000  49044979.3556894
7100  50454979.9326092
7200  51884980.4856858
7300  53334981.0162149
7400  54804981.5254052
7500  56294982.0143856
7600  57804982.4842115
7700  59334982.9358701
7800  60884983.370286
7900  62454983.7883255
8000  64044984.1908014
8100  65654984.5784766
8200  67284984.9520679
8300  68934985.3122491
8400  70604985.6596544
8500  72294985.9948807
8600  74004986.3184907
8700  75734986.6310149
8800  77484986.9329537
8900  79254987.2247797
9000  81044987.5069396
9100  82854987.7798555
9200  84684988.0439266
9300  86534988.2995312
9400  88404988.5470271
9500  90294988.7867538
9600  92204989.019033
9700  94134989.24417
9800  96084989.4624545
9900  98054989.6741619
10000  100044989.879554
10100  102054990.078879
10200  104084990.272373
10300  106134990.460262
10400  108204990.642761
10500  110294990.820073
10600  112404990.992393
10700  114534991.159907
10800  116684991.322792
10900  118854991.481216
11000  121044991.635342
11100  123254991.785323
11200  125484991.931306
11300  127734992.073433
11400  130004992.211838
11500  132294992.346649
11600  134604992.477991
11700  136934992.605981
11800  139284992.730732
11900  141654992.852352
12000  144044992.970946
12100  146454993.086613
12200  148884993.199449
12300  151334993.309545
12400  153804993.416989
12500  156294993.521866
12600  158804993.624256
12700  161334993.724238
12800  163884993.821887
12900  166454993.917275
13000  169044994.01047
13100  171654994.101541
13200  174284994.19055
13300  176934994.277559
13400  179604994.362629
13500  182294994.445816
13600  185004994.527175
13700  187734994.606759
13800  190484994.684621
13900  193254994.760808
14000  196044994.835369
14100  198854994.90835
14200  201684994.979795
14300  204534995.049747
14400  207404995.118247
14500  210294995.185335
14600  213204995.251049
14700  216134995.315428
14800  219084995.378506
14900  222054995.440319
15000  225044995.5009
15100  228054995.560281
15200  231084995.618495
15300  234134995.675572
15400  237204995.73154
15500  240294995.786429
15600  243404995.840266
15700  246534995.893078
15800  249684995.944891
15900  252854995.995729
16000  256044996.045617
16100  259254996.094579
16200  262484996.142637
16300  265734996.189813
16400  269004996.236129
16500  272294996.281606
16600  275604996.326264
16700  278934996.370122
16800  282284996.413199
16900  285654996.455514
17000  289044996.497085
17100  292454996.537929
17200  295884996.578062
17300  299334996.617502
17400  302804996.656264
17500  306294996.694363
17600  309804996.731815
17700  313334996.768634
17800  316884996.804835
17900  320454996.84043
18000  324044996.875434
18100  327654996.909859
18200  331284996.943719
18300  334934996.977025
18400  338604997.00979
18500  342294997.042025
18600  346004997.073742
18700  349734997.104951
18800  353484997.135663
18900  357254997.16589
19000  361044997.19564
19100  364854997.224925
19200  368684997.253753
19300  372534997.282135
19400  376404997.310078
19500  380294997.337593
19600  384204997.364688
19700  388134997.391372
19800  392084997.417652
19900  396054997.443537
20000  400044997.469035
20100  404054997.494153
20200  408084997.518899
20300  412134997.543281
20400  416204997.567305
20500  420294997.590978
20600  424404997.614307
20700  428534997.637299
20800  432684997.65996
20900  436854997.682297
21000  441044997.704316
21100  445254997.726022
21200  449484997.747422
21300  453734997.768521
21400  458004997.789325
21500  462294997.80984
21600  466604997.83007
21700  470934997.850022
21800  475284997.869699
21900  479654997.889108
22000  484044997.908252
22100  488454997.927138
22200  492884997.945768
22300  497334997.964149
22400  501804997.982284
22500  506294998.000178
22600  510804998.017835
22700  515334998.035259
22800  519884998.052454
22900  524454998.069424
23000  529044998.086174
23100  533654998.102707
23200  538284998.119026
23300  542934998.135136
23400  547604998.15104
23500  552294998.166741
23600  557004998.182243
23700  561734998.197549
23800  566484998.212662
23900  571254998.227587
24000  576044998.242325
24100  580854998.25688
24200  585684998.271255
24300  590534998.285453
24400  595404998.299477
24500  600294998.313329
24600  605204998.327013
24700  610134998.340531
24800  615084998.353886
24900  620054998.36708
25000  625044998.380117
25100  630054998.392997
25200  635084998.405725
25300  640134998.418302
25400  645204998.430731
25500  650294998.443014
25600  655404998.455154
25700  660534998.467152
25800  665684998.47901
25900  670854998.490732
26000  676044998.502319
26100  681254998.513772
26200  686484998.525095
26300  691734998.536289
26400  697004998.547356
26500  702294998.558298
26600  707604998.569117
26700  712934998.579814
26800  718284998.590392
26900  723654998.600853
27000  729044998.611197
27100  734454998.621427
27200  739884998.631544
27300  745334998.64155
27400  750804998.651447
27500  756294998.661237
27600  761804998.67092
27700  767334998.680498
27800  772884998.689973
27900  778454998.699347
28000  784044998.70862
28100  789654998.717795
28200  795284998.726871
28300  800934998.735852
28400  806604998.744739
28500  812294998.753532
28600  818004998.762233
28700  823734998.770843
28800  829484998.779363
28900  835254998.787795
29000  841044998.79614
29100  846854998.8044
29200  852684998.812575
29300  858534998.820665
29400  864404998.828674
29500  870294998.836601
29600  876204998.844448
29700  882134998.852216
29800  888084998.859906
29900  894054998.867519
30000  900044998.875056
30100  906054998.882518
30200  912084998.889906
30300  918134998.897221
30400  924204998.904464
30500  930294998.911636
30600  936404998.918737
30700  942534998.925769
30800  948684998.932733
30900  954854998.93963
31000  961044998.946459
31100  967254998.953223
31200  973484998.959922
31300  979734998.966557
31400  986004998.973129
31500  992294998.979638
31600  998604998.986086
31700  1004934998.99247
31800  1011284998.9988
31900  1017654999.00507
32000  1024044999.01127
32100  1030454999.01742
32200  1036884999.02352
32300  1043334999.02955
32400  1049804999.03554
32500  1056294999.04146
32600  1062804999.04733
32700  1069334999.05315
32800  1075884999.05891
32900  1082454999.06463
33000  1089044999.07029
33100  1095654999.0759
33200  1102284999.08145
33300  1108934999.08696
33400  1115604999.09242
33500  1122294999.09783
33600  1129004999.10319
33700  1135734999.10851
33800  1142484999.11377
33900  1149254999.11899
34000  1156044999.12417
34100  1162854999.1293
34200  1169684999.13438
34300  1176534999.13942
34400  1183404999.14442
34500  1190294999.14937
34600  1197204999.15428
34700  1204134999.15915
34800  1211084999.16397
34900  1218054999.16876
35000  1225044999.1735
35100  1232054999.1782
35200  1239084999.18286
35300  1246134999.18749
35400  1253204999.19207
35500  1260294999.19662
35600  1267404999.20112
35700  1274534999.20559
35800  1281684999.21002
35900  1288854999.21442
36000  1296044999.21878
36100  1303254999.2231
36200  1310484999.22739
36300  1317734999.23164
36400  1325004999.23585
36500  1332294999.24003
36600  1339604999.24418
36700  1346934999.24829
36800  1354284999.25237
36900  1361654999.25642
37000  1369044999.26043
37100  1376454999.26441
37200  1383884999.26836
37300  1391334999.27228
37400  1398804999.27617
37500  1406294999.28002
37600  1413804999.28385
37700  1421334999.28764
37800  1428884999.29141
37900  1436454999.29514
38000  1444044999.29884
38100  1451654999.30252
38200  1459284999.30617
38300  1466934999.30979
38400  1474604999.31338
38500  1482294999.31694
38600  1490004999.32047
38700  1497734999.32398
38800  1505484999.32746
38900  1513254999.33091
39000  1521044999.33434
39100  1528854999.33774
39200  1536684999.34111
39300  1544534999.34446
39400  1552404999.34779
39500  1560294999.35108
39600  1568204999.35436
39700  1576134999.35761
39800  1584084999.36083
39900  1592054999.36403
40000  1600044999.36721
