0  1.08696380969819e-26
100  2.381014293392e-26
200  4.12290699380897e-26
300  -1.73371175852989e-26
400  1.98952536068161e-26
500  -1.27234275558512e-07
600  -2.7494836618461e-07
700  -1.42777304156367e-07
800  -1.78490225017847e-07
900  -2.21199565855518e-07
1000  -2.10669642758162e-07
1100  -2.31415974024569e-07
1200  -3.28869843158261e-07
1300  -3.12454018201202e-07
1400  -1.14879833844977e-06
1500  -3.67939637814145e-07
1600  -1.18307646770542e-06
1700  -5.51785776513866e-07
1800  -6.66275106992611e-07
1900  -6.61710149223733e-07
2000  -5.61455788392928e-07
2100  -8.40507434427507e-07
2200  -1.02668150538103e-06
2300  -1.76268025899688e-06
2400  -1.74109845850839e-06
2500  -2.46394168749648e-06
2600  -1.47208004772726e-06
2700  -1.69160206406788e-06
2800  -2.28540259789471e-06
2900  -1.29734374078966e-06
3000  -1.43388711135265e-06
3100  -1.76316288470648e-06
3200  -2.48872473749151e-06
3300  -1.96221739311258e-06
3400  -2.7698460105249e-06
3500  -3.34686001616925e-06
3600  -2.591230270977e-06
3700  -2.70580845170111e-06
3800  -4.55235705621958e-06
3900  -2.75163610527147e-06
4000  -4.55862058920174e-06
4100  -3.44564127140453e-06
4200  -3.71919473537231e-06
4300  -4.13388860501364e-06
4400  -4.41227548138831e-06
4500  -5.22671371805226e-06
4600  -3.89269355031553e-06
4700  -4.29541125086501e-06
4800  -5.09049844479011e-06
4900  -5.39403158568554e-06
5000  -6.2158057752688e-06
5100  -6.86383901018734e-06
5200  -6.56697215750473e-06
5300  -6.1129038387492e-06
5400  -6.89345827302195e-06
5500  -5.89401707066159e-06
5600  -5.59933153718795e-06
5700  -6.94649389424227e-06
5800  -6.90014697449195e-06
5900  -7.76883071668169e-06
6000  -6.65626284397202e-06
6100  -7.32727685227317e-06
6200  -8.41819951801771e-06
6300  -8.81910844514315e-06
6400  -1.08278382672488e-05
6500  -8.65185662351491e-06
6600  -9.35252646910277e-06
6700  -8.87624191844459e-06
6800  -9.62719000478694e-06
6900  -1.0214264900726e-05
7000  -9.84163804159079e-06
7100  -1.00697864361928e-05
7200  -1.21985975753177e-05
7300  -1.3087170935518e-05
7400  -1.1634708604558e-05
7500  -1.21841562723048e-05
7600  -1.72014409128465e-05
7700  -1.09566803085055e-05
7800  -1.23587536119753e-05
7900  -1.25974989397585e-05
8000  -1.22887158140044e-05
8100  -1.35156646705791e-05
8200  -1.55628472514058e-05
8300  -1.3501746530583e-05
8400  -1.4259041435606e-05
8500  -1.70534776332002e-05
8600  -1.5746652608378e-05
8700  -1.74491356216658e-05
8800  -1.89007199886873e-05
8900  -1.67554371396048e-05
9000  -1.71660286591023e-05
9100  -1.74608773999972e-05
9200  -1.68697335895462e-05
9300  -1.78030777392515e-05
9400  -1.78665354062104e-05
9500  -1.79511725666319e-05
9600  -1.77121810104851e-05
9700  -1.83049612227066e-05
9800  -1.99421098058381e-05
9900  -1.93046925949536e-05
10000  -1.98482611111008e-05
10100  -2.15520496762782e-05
10200  -2.07236169390364e-05
10300  -2.14162652367337e-05
10400  -2.17644174046344e-05
10500  -2.13526488835906e-05
10600  -2.5282154836005e-05
10700  -2.38891155722844e-05
10800  -2.343470817186e-05
10900  -2.42906052036354e-05
11000  -2.44117325562583e-05
11100  -2.45816729105247e-05
11200  -2.54694018668395e-05
11300  -2.70175394579647e-05
11400  -3.09028465849769e-05
11500  -2.87735852859225e-05
11600  -2.85454757527704e-05
11700  -3.08813011342426e-05
11800  -2.86338244071177e-05
11900  -3.03974696539638e-05
12000  -2.97513222134722e-05
12100  -3.09871503388541e-05
12200  -3.15875154602526e-05
12300  -3.05884697990287e-05
12400  -3.12251890261975e-05
12500  -3.22640966904489e-05
12600  -3.20187702962387e-05
12700  -3.38666972482832e-05
12800  -3.39871369926909e-05
12900  -3.54683202490328e-05
13000  -3.54657402823005e-05
13100  -3.57502527440258e-05
13200  -3.63635747189544e-05
13300  -3.60268197008232e-05
13400  -3.69529235387941e-05
13500  -4.45442121711761e-05
13600  -3.97694942549182e-05
13700  -4.09234990969506e-05
13800  -4.00073424889393e-05
13900  -3.93905179966067e-05
14000  -4.37029329679077e-05
14100  -4.23707595314723e-05
14200  -4.36354730040324e-05
14300  -4.28743343267964e-05
14400  -4.22840645750125e-05
14500  -4.30256118516432e-05
14600  -4.81409958503567e-05
14700  -4.49831720280602e-05
14800  -4.32934984442128e-05
14900  -4.6770082260075e-05
15000  -4.72501068889795e-05
15100  -4.61253407822831e-05
15200  -5.10311552814563e-05
15300  -5.45610234731036e-05
15400  -4.95143903709045e-05
15500  -4.87341687293822e-05
15600  -4.82911356283869e-05
15700  -5.1566340580686e-05
15800  -5.18074107339865e-05
15900  -5.32477232967639e-05
16000  -5.32316622409637e-05
16100  -5.46133481319255e-05
16200  -5.35949281375244e-05
16300  -5.76373774096202e-05
16400  -5.4972399494044e-05
16500  -5.78829680235502e-05
16600  -5.9608557064143e-05
16700  -5.82976483620571e-05
16800  -5.9868346629746e-05
16900  -5.98253141894827e-05
17000  -5.97254413651872e-05
17100  -6.24588886075648e-05
17200  -6.08846461234712e-05
17300  -6.58334951273599e-05
17400  -6.32220827427167e-05
17500  -6.38779544937612e-05
17600  -6.28668966864207e-05
17700  -6.43909936451706e-05
17800  -6.8601351900577e-05
17900  -6.6428988812309e-05
18000  -6.85043707439473e-05
18100  -6.94237009361198e-05
18200  -6.88367976212701e-05
18300  -6.81634552220987e-05
18400  -7.03381850351962e-05
18500  -6.98960897928972e-05
18600  -7.30168602485353e-05
18700  -7.23413296908577e-05
18800  -7.3839778438349e-05
18900  -7.15058345464246e-05
19000  -7.39033812028457e-05
19100  -7.55149337191737e-05
19200  -7.81645205737709e-05
19300  -7.87944983093565e-05
19400  -7.51020059497467e-05
19500  -7.93690630663991e-05
19600  -8.1508357776433e-05
19700  -8.73156349526507e-05
19800  -8.31556242606237e-05
19900  -8.41179755048637e-05
20000  -8.55114943054858e-05
20100  -8.30578248141924e-05
20200  -8.31954448428057e-05
20300  -8.2649413295455e-05
20400  -8.63334556622616e-05
20500  -8.87434698008424e-05
20600  -8.92525087330269e-05
20700  -9.33241921462276e-05
20800  -9.16109838483398e-05
20900  -9.07381918060058e-05
21000  -9.25079932466303e-05
21100  -9.59879332629491e-05
21200  -9.11042347164449e-05
21300  -9.30805461114689e-05
21400  -0.000108510704830589
21500  -9.62130754161422e-05
21600  -9.74444444279424e-05
21700  -9.96645683765984e-05
21800  -0.000103845939934428
21900  -0.000102236552998242
22000  -9.83315918835621e-05
22100  -9.92634361300198e-05
22200  -0.000102405430647732
22300  -0.000104687236990014
22400  -0.000101098983197922
22500  -0.000101942940835936
22600  -0.000107908791845191
22700  -0.000109228139946898
22800  -0.000109326157127733
22900  -0.000107263189287585
23000  -0.000105911946690686
23100  -0.000110638652580993
23200  -0.000113868038303356
23300  -0.000113751070800189
23400  -0.000111861519765566
23500  -0.000114218259665498
23600  -0.000112705329441322
23700  -0.000113474898468577
23800  -0.000114979103241955
23900  -0.00011677042807956
24000  -0.000119736231358611
24100  -0.000121964854371511
24200  -0.000120018340942332
24300  -0.000120569642400115
24400  -0.000120295384978566
24500  -0.000120981147570132
24600  -0.00012476096507279
24700  -0.000125567643176275
24800  -0.000129520768271763
24900  -0.000127795657382058
25000  -0.000131268941820417
25100  -0.000131004923922706
25200  -0.000134056983374932
25300  -0.000133679111097503
25400  -0.000133116187001676
25500  -0.000137218355541965
25600  -0.0001437724209328
25700  -0.000135290303926542
25800  -0.000143378762881929
25900  -0.00014511022670345
26000  -0.00014312189734267
26100  -0.000140462210095421
26200  -0.000144246228506246
26300  -0.00014469828281499
26400  -0.000146608177595119
26500  -0.000142763772396382
26600  -0.000154990050061158
26700  -0.000148750278539285
26800  -0.00014873998501561
26900  -0.000153199648039584
27000  -0.000151327994470849
27100  -0.000155170222131617
27200  -0.000151415877994919
27300  -0.000155797543389291
27400  -0.0001520343346086
27500  -0.000156725464206485
27600  -0.00015920354633276
27700  -0.000163942732911349
27800  -0.000159066240408036
27900  -0.000161444503000088
28000  -0.000158498682195868
28100  -0.00016354458674226
28200  -0.00016634755957076
28300  -0.00016817652790561
28400  -0.000168145958744886
28500  -0.000174461165353193
28600  -0.00016848155248201
28700  -0.000169820118281594
28800  -0.000171416362582767
28900  -0.000177054663575975
29000  -0.000175828440365548
29100  -0.000176016439461003
29200  -0.000173209095496578
29300  -0.000177179164984108
29400  -0.000176977309091261
29500  -0.000188169176301355
29600  -0.000181722089303853
29700  -0.000187829381454733
29800  -0.000183843203284155
29900  -0.000182237791761808
30000  -0.000188563865824144
30100  -0.000192997515661161
30200  -0.000192871636703303
30300  -0.000196360610791496
30400  -0.000194042467328436
30500  -0.000193586306642304
30600  -0.000193254961476624
30700  -0.000197288911206296
30800  -0.000202829556089768
30900  -0.000195203647367713
31000  -0.000200245768003657
31100  -0.000200216942594466
31200  -0.000196416236736765
31300  -0.000202396770790821
31400  -0.000203456054864588
31500  -0.000209254906870981
31600  -0.000209360650628038
31700  -0.000207075720605482
31800  -0.000208315184885422
31900  -0.000207276328888614
32000  -0.000213567843086119
32100  -0.000212814424754239
32200  -0.000211715971210021
32300  -0.000214099400438865
32400  -0.000216732203571876
32500  -0.000216681083956996
32600  -0.000223191804328069
32700  -0.00022116060839619
32800  -0.000220588731387493
32900  -0.000224100758508212
33000  -0.000224958610269122
33100  -0.000224910217170683
33200  -0.00022742222693996
33300  -0.000225339257019632
33400  -0.000234099093579459
33500  -0.000233984371658164
33600  -0.000233384297777075
33700  -0.000233597549388076
33800  -0.000234219396474615
33900  -0.000236276072089758
34000  -0.000246619639305732
34100  -0.000241371773602575
34200  -0.000244857239105127
34300  -0.000253174988658953
34400  -0.000251308036178515
34500  -0.000249112100674395
34600  -0.000246931655934369
34700  -0.000249680504308278
34800  -0.000260610730756998
34900  -0.000252811425192595
35000  -0.00025535650146227
35100  -0.000256266216326926
35200  -0.000257266761816094
35300  -0.000258725689792174
35400  -0.000258250993988367
35500  -0.000260480460292062
35600  -0.000263883937224348
35700  -0.000263579025266814
35800  -0.000265319833551769
35900  -0.000265988577657967
36000  -0.000269148991529203
36100  -0.000268581164321507
36200  -0.00027133592820785
36300  -0.000283612063195794
36400  -0.000275464233157415
36500  -0.000280844561981372
36600  -0.000288843778682752
36700  -0.0002785744897637
36800  -0.000283461903123867
36900  -0.000290592393921714
37000  -0.000284787311054561
37100  -0.000287382341028985
37200  -0.000287097460170814
37300  -0.000292628995739193
37400  -0.000290199023902
37500  -0.000290563476004731
37600  -0.000294829214438411
37700  -0.000299553461758427
37800  -0.000297497577673038
37900  -0.000298073635376756
38000  -0.000302164934295959
38100  -0.000296307793653299
38200  -0.000302102020486214
38300  -0.000307982118667489
38400  -0.000312430447992504
38500  -0.000308601398092132
38600  -0.000307829218653337
38700  -0.000309810592490728
38800  -0.000314946050415684
38900  -0.000311172851531663
39000  -0.000317432478398574
39100  -0.000316984152080019
39200  -0.000314965299937589
39300  -0.000321614495277351
39400  -0.000320019679646987
39500  -0.000325518354022959
39600  -0.000321031226371008
39700  -0.000323096093636129
39800  -0.000321942622807585
39900  -0.000322743284689571
40000  -0.000326135147474018
