0  0
100  15811.3883008419
200  36055.5127546399
300  63639.6103067893
400  100000
500  145773.797371133
600  201246.117974981
700  266552.058705237
800  341760.149812701
900  426907.484122731
1000  522015.325445528
1100  627096.483804526
1200  742159.012611179
1300  867208.164168212
1400  1002247.47442934
1500  1147279.39055838
1600  1302305.64768798
1700  1467327.50263873
1800  1642345.88318052
1900  1827361.48585878
2000  2022374.84161567
2100  2227386.36073762
2200  2442396.3642292
2300  2667405.10609094
2400  2902412.78938748
2500  3147419.57800354
2600  3402425.60535862
2700  3667430.98094565
2800  3942435.79529204
2900  4227440.12376284
3000  4522444.0295044
3100  4827447.56574321
3200  5142450.77759622
3300  5467453.70350769
3400  5802456.37639784
3500  6147458.8245876
3600  6502461.07254784
3700  6867463.14151012
3800  7242465.04996745
3900  7627466.8140871
4000  8022468.44805263
4100  8427469.96434873
4200  8842471.37399947
4300  9267472.68676849
4400  9702473.91132798
4500  10147475.0554017
4600  10602476.1258868
4700  11067477.1289576
4800  11542478.0701546
4900  12027478.9544609
5000  12522479.7863682
5100  13027480.5699337
5200  13542481.3088296
5300  14067482.0063862
5400  14602482.6656292
5500  15147483.2893125
5600  15702483.8799471
5700  16267484.4398266
5800  16842484.9710487
5900  17427485.4755355
6000  18022485.9550507
6100  18627486.411215
6200  19242486.8455197
6300  19867487.2593391
6400  20502487.6539409
6500  21147488.0304967
6600  21802488.3900898
6700  22467488.7337237
6800  23142489.0623286
6900  23827489.3767682
7000  24522489.6778447
7100  25227489.9663046
7200  25942490.2428429
7300  26667490.5081074
7400  27402490.7627026
7500  28147491.0071928
7600  28902491.2421058
7700  29667491.4679351
7800  30442491.685143
7900  31227491.8941627
8000  32022492.0954007
8100  32827492.2892383
8200  33642492.4760339
8300  34467492.6561246
8400  35302492.8298272
8500  36147492.9974404
8600  37002493.1592454
8700  37867493.3155074
8800  38742493.4664768
8900  39627493.6123899
9000  40522493.7534698
9100  41427493.8899277
9200  42342494.0219633
9300  43267494.1497656
9400  44202494.2735136
9500  45147494.3933769
9600  46102494.5095165
9700  47067494.622085
9800  48042494.7312273
9900  49027494.837081
10000  50022494.9397768
10100  51027495.0394393
10200  52042495.1361865
10300  53067495.2301312
10400  54102495.3213805
10500  55147495.4100365
10600  56202495.4961966
10700  57267495.5799536
10800  58342495.6613959
10900  59427495.7406081
11000  60522495.817671
11100  61627495.8926614
11200  62742495.9656531
11300  63867496.0367165
11400  65002496.1059189
11500  66147496.1733247
11600  67302496.2389955
11700  68467496.3029904
11800  69642496.3653659
11900  70827496.4261762
12000  72022496.4854732
12100  73227496.5433067
12200  74442496.5997245
12300  75667496.6547724
12400  76902496.7084945
12500  78147496.7609328
12600  79402496.812128
12700  80667496.8621191
12800  81942496.9109436
12900  83227496.9586374
13000  84522497.0052352
13100  85827497.0507704
13200  87142497.0952749
13300  88467497.1387797
13400  89802497.1813145
13500  91147497.2229079
13600  92502497.2635874
13700  93867497.3033797
13800  95242497.3423104
13900  96627497.3804041
14000  98022497.4176847
14100  99427497.4541751
14200  100842497.489898
14300  102267497.524873
14400  103702497.559123
14500  105147497.592667
14600  106602497.625525
14700  108067497.657714
14800  109542497.689253
14900  111027497.720159
15000  112522497.75045
15100  114027497.780141
15200  115542497.809248
15300  117067497.837786
15400  118602497.86577
15500  120147497.893215
15600  121702497.920133
15700  123267497.946539
15800  124842497.972445
15900  126427497.997864
16000  128022498.022808
16100  129627498.047289
16200  131242498.071318
16300  132867498.094907
16400  134502498.118065
16500  136147498.140803
16600  137802498.163132
16700  139467498.185061
16800  141142498.2066
16900  142827498.227757
17000  144522498.248543
17100  146227498.268964
17200  147942498.289031
17300  149667498.308751
17400  151402498.328132
17500  153147498.347182
17600  154902498.365908
17700  156667498.384317
17800  158442498.402417
17900  160227498.420215
18000  162022498.437717
18100  163827498.45493
18200  165642498.47186
18300  167467498.488513
18400  169302498.504895
18500  171147498.521013
18600  173002498.536871
18700  174867498.552475
18800  176742498.567832
18900  178627498.582945
19000  180522498.59782
19100  182427498.612462
19200  184342498.626877
19300  186267498.641067
19400  188202498.655039
19500  190147498.668797
19600  192102498.682344
19700  194067498.695686
19800  196042498.708826
19900  198027498.721768
20000  200022498.734517
20100  202027498.747076
20200  204042498.75945
20300  206067498.77164
20400  208102498.783652
20500  210147498.795489
20600  212202498.807154
20700  214267498.81865
20800  216342498.82998
20900  218427498.841149
21000  220522498.852158
21100  222627498.863011
21200  224742498.873711
21300  226867498.884261
21400  229002498.894663
21500  231147498.90492
21600  233302498.915035
21700  235467498.925011
21800  237642498.93485
21900  239827498.944554
22000  242022498.954126
22100  244227498.963569
22200  246442498.972884
22300  248667498.982074
22400  250902498.991142
22500  253147499.000089
22600  255402499.008917
22700  257667499.017629
22800  259942499.026227
22900  262227499.034712
23000  264522499.043087
23100  266827499.051353
23200  269142499.059513
23300  271467499.067568
23400  273802499.07552
23500  276147499.08337
23600  278502499.091121
23700  280867499.098774
23800  283242499.106331
23900  285627499.113793
24000  288022499.121162
24100  290427499.12844
24200  292842499.135628
24300  295267499.142727
24400  297702499.149738
24500  300147499.156665
24600  302602499.163507
24700  305067499.170266
24800  307542499.176943
24900  310027499.18354
25000  312522499.190058
25100  315027499.196499
25200  317542499.202863
25300  320067499.209151
25400  322602499.215366
25500  325147499.221507
25600  327702499.227577
25700  330267499.233576
25800  332842499.239505
25900  335427499.245366
26000  338022499.251159
26100  340627499.256886
26200  343242499.262548
26300  345867499.268145
26400  348502499.273678
26500  351147499.279149
26600  353802499.284558
26700  356467499.289907
26800  359142499.295196
26900  361827499.300426
27000  364522499.305598
27100  367227499.310713
27200  369942499.315772
27300  372667499.320775
27400  375402499.325724
27500  378147499.330618
27600  380902499.33546
27700  383667499.340249
27800  386442499.344987
27900  389227499.349673
28000  392022499.35431
28100  394827499.358897
28200  397642499.363436
28300  400467499.367926
28400  403302499.372369
28500  406147499.376766
28600  409002499.381116
28700  411867499.385421
28800  414742499.389682
28900  417627499.393898
29000  420522499.39807
29100  423427499.4022
29200  426342499.406287
29300  429267499.410333
29400  432202499.414337
29500  435147499.418301
29600  438102499.422224
29700  441067499.426108
29800  444042499.429953
29900  447027499.43376
30000  450022499.437528
30100  453027499.441259
30200  456042499.444953
30300  459067499.448611
30400  462102499.452232
30500  465147499.455818
30600  468202499.459369
30700  471267499.462885
30800  474342499.466367
30900  477427499.469815
31000  480522499.47323
31100  483627499.476612
31200  486742499.479961
31300  489867499.483279
31400  493002499.486564
31500  496147499.489819
31600  499302499.493043
31700  502467499.496236
31800  505642499.499399
31900  508827499.502533
32000  512022499.505637
32100  515227499.508712
32200  518442499.511759
32300  521667499.514777
32400  524902499.517768
32500  528147499.52073
32600  531402499.523666
32700  534667499.526575
32800  537942499.529457
32900  541227499.532313
33000  544522499.535143
33100  547827499.537948
33200  551142499.540727
33300  554467499.543481
33400  557802499.54621
33500  561147499.548915
33600  564502499.551596
33700  567867499.554253
33800  571242499.556887
33900  574627499.559497
34000  578022499.562084
34100  581427499.564649
34200  584842499.567191
34300  588267499.569711
34400  591702499.572209
34500  595147499.574685
34600  598602499.57714
34700  602067499.579574
34800  605542499.581986
34900  609027499.584378
35000  612522499.58675
35100  616027499.589101
35200  619542499.591432
35300  623067499.593744
35400  626602499.596036
35500  630147499.598308
35600  633702499.600562
35700  637267499.602796
35800  640842499.605012
35900  644427499.607209
36000  648022499.609388
36100  651627499.611549
36200  655242499.613693
36300  658867499.615818
36400  662502499.617926
36500  666147499.620017
36600  669802499.62209
36700  673467499.624147
36800  677142499.626187
36900  680827499.62821
37000  684522499.630217
37100  688227499.632207
37200  691942499.634182
37300  695667499.636141
37400  699402499.638084
37500  703147499.640012
37600  706902499.641924
37700  710667499.643821
37800  714442499.645703
37900  718227499.64757
38000  722022499.649422
38100  725827499.65126
38200  729642499.653084
38300  733467499.654893
38400  737302499.656688
38500  741147499.658469
38600  745002499.660236
38700  748867499.66199
38800  752742499.66373
38900  756627499.665456
39000  760522499.66717
39100  764427499.66887
39200  768342499.670557
39300  772267499.672231
39400  776202499.673893
39500  780147499.675542
39600  784102499.677179
39700  788067499.678803
39800  792042499.680415
39900  796027499.682015
40000  800022499.683603
