0  10000
100  40000
200  90000
300  160000
400  250000
500  360000
600  490000
700  640000
800  810000
900  1000000
1000  1210000
1100  1440000
1200  1690000
1300  1960000
1400  2250000
1500  2560000
1600  2890000
1700  3240000
1800  3610000
1900  4000000
2000  4410000
2100  4840000
2200  5290000
2300  5760000
2400  6250000
2500  6760000
2600  7290000
2700  7840000
2800  8410000
2900  9000000
3000  9610000
3100  10240000
3200  10890000
3300  11560000
3400  12250000
3500  12960000
3600  13690000
3700  14440000
3800  15210000
3900  16000000
4000  16810000
4100  17640000
4200  18490000
4300  19360000
4400  20250000
4500  21160000
4600  22090000
4700  23040000
4800  24010000
4900  25000000
5000  26010000
5100  27040000
5200  28090000
5300  29160000
5400  30250000
5500  31360000
5600  32490000
5700  33640000
5800  34810000
5900  36000000
6000  37210000
6100  38440000
6200  39690000
6300  40960000
6400  42250000
6500  43560000
6600  44890000
6700  46240000
6800  47610000
6900  49000000
7000  50410000
7100  51840000
7200  53290000
7300  54760000
7400  56250000
7500  57760000
7600  59290000
7700  60840000
7800  62410000
7900  64000000
8000  65610000
8100  67240000
8200  68890000
8300  70560000
8400  72250000
8500  73960000
8600  75690000
8700  77440000
8800  79210000
8900  81000000
9000  82810000
9100  84640000
9200  86490000
9300  88360000
9400  90250000
9500  92160000
9600  94090000
9700  96040000
9800  98010000
9900  100000000
10000  102010000
10100  104040000
10200  106090000
10300  108160000
10400  110250000
10500  112360000
10600  114490000
10700  116640000
10800  118810000
10900  121000000
11000  123210000
11100  125440000
11200  127690000
11300  129960000
11400  132250000
11500  134560000
11600  136890000
11700  139240000
11800  141610000
11900  144000000
12000  146410000
12100  148840000
12200  151290000
12300  153760000
12400  156250000
12500  158760000
12600  161290000
12700  163840000
12800  166410000
12900  169000000
13000  171610000
13100  174240000
13200  176890000
13300  179560000
13400  182250000
13500  184960000
13600  187690000
13700  190440000
13800  193210000
13900  196000000
14000  198810000
14100  201640000
14200  204490000
14300  207360000
14400  210250000
14500  213160000
14600  216090000
14700  219040000
14800  222010000
14900  225000000
15000  228010000
15100  231040000
15200  234090000
15300  237160000
15400  240250000
15500  243360000
15600  246490000
15700  249640000
15800  252810000
15900  256000000
16000  259210000
16100  262440000
16200  265690000
16300  268960000
16400  272250000
16500  275560000
16600  278890000
16700  282240000
16800  285610000
16900  289000000
17000  292410000
17100  295840000
17200  299290000
17300  302760000
17400  306250000
17500  309760000
17600  313290000
17700  316840000
17800  320410000
17900  324000000
18000  327610000
18100  331240000
18200  334890000
18300  338560000
18400  342250000
18500  345960000
18600  349690000
18700  353440000
18800  357210000
18900  361000000
19000  364810000
19100  368640000
19200  372490000
19300  376360000
19400  380250000
19500  384160000
19600  388090000
19700  392040000
19800  396010000
19900  400000000
20000  404010000
20100  408040000
20200  412090000
20300  416160000
20400  420250000
20500  424360000
20600  428490000
20700  432640000
20800  436810000
20900  441000000
21000  445210000
21100  449440000
21200  453690000
21300  457960000
21400  462250000
21500  466560000
21600  470890000
21700  475240000
21800  479610000
21900  484000000
22000  488410000
22100  492840000
22200  497290000
22300  501760000
22400  506250000
22500  510760000
22600  515290000
22700  519840000
22800  524410000
22900  529000000
23000  533610000
23100  538240000
23200  542890000
23300  547560000
23400  552250000
23500  556960000
23600  561690000
23700  566440000
23800  571210000
23900  576000000
24000  580810000
24100  585640000
24200  590490000
24300  595360000
24400  600250000
24500  605160000
24600  610090000
24700  615040000
24800  620010000
24900  625000000
25000  630010000
25100  635040000
25200  640090000
25300  645160000
25400  650250000
25500  655360000
25600  660490000
25700  665640000
25800  670810000
25900  676000000
26000  681210000
26100  686440000
26200  691690000
26300  696960000
26400  702250000
26500  707560000
26600  712890000
26700  718240000
26800  723610000
26900  729000000
27000  734410000
27100  739840000
27200  745290000
27300  750760000
27400  756250000
27500  761760000
27600  767290000
27700  772840000
27800  778410000
27900  784000000
28000  789610000
28100  795240000
28200  800890000
28300  806560000
28400  812250000
28500  817960000
28600  823690000
28700  829440000
28800  835210000
28900  841000000
29000  846810000
29100  852640000
29200  858490000
29300  864360000
29400  870250000
29500  876160000
29600  882090000
29700  888040000
29800  894010000
29900  900000000
30000  906010000
30100  912040000
30200  918090000
30300  924160000
30400  930250000
30500  936360000
30600  942490000
30700  948640000
30800  954810000
30900  961000000
31000  967210000
31100  973440000
31200  979690000
31300  985960000
31400  992250000
31500  998560000
31600  1004890000
31700  1011240000
31800  1017610000
31900  1024000000
32000  1030410000
32100  1036840000
32200  1043290000
32300  1049760000
32400  1056250000
32500  1062760000
32600  1069290000
32700  1075840000
32800  1082410000
32900  1089000000
33000  1095610000
33100  1102240000
33200  1108890000
33300  1115560000
33400  1122250000
33500  1128960000
33600  1135690000
33700  1142440000
33800  1149210000
33900  1156000000
34000  1162810000
34100  1169640000
34200  1176490000
34300  1183360000
34400  1190250000
34500  1197160000
34600  1204090000
34700  1211040000
34800  1218010000
34900  1225000000
35000  1232010000
35100  1239040000
35200  1246090000
35300  1253160000
35400  1260250000
35500  1267360000
35600  1274490000
35700  1281640000
35800  1288810000
35900  1296000000
36000  1303210000
36100  1310440000
36200  1317690000
36300  1324960000
36400  1332250000
36500  1339560000
36600  1346890000
36700  1354240000
36800  1361610000
36900  1369000000
37000  1376410000
37100  1383840000
37200  1391290000
37300  1398760000
37400  1406250000
37500  1413760000
37600  1421290000
37700  1428840000
37800  1436410000
37900  1444000000
38000  1451610000
38100  1459240000
38200  1466890000
38300  1474560000
38400  1482250000
38500  1489960000
38600  1497690000
38700  1505440000
38800  1513210000
38900  1521000000
39000  1528810000
39100  1536640000
39200  1544490000
39300  1552360000
39400  1560250000
39500  1568160000
39600  1576090000
39700  1584040000
39800  1592010000
39900  1600000000
40000  90000.0000000249
