0  39900.0625
100  89700.25
200  159400.5625
300  249001
400  358501.5625
500  487902.25
600  637203.0625
700  806404
800  995505.0625
900  1204506.25
1000  1433407.5625
1100  1682209
1200  1950910.5625
1300  2239512.25
1400  2548014.0625
1500  2876416
1600  3224718.0625
1700  3592920.25
1800  3981022.5625
1900  4389025
2000  4816927.5625
2100  5264730.25
2200  5732433.0625
2300  6220036
2400  6727539.0625
2500  7254942.25
2600  7802245.5625
2700  8369449
2800  8956552.5625
2900  9563556.25
3000  10190460.0625
3100  10837264
3200  11503968.0625
3300  12190572.25
3400  12897076.5625
3500  13623481
3600  14369785.5625
3700  15135990.25
3800  15922095.0625
3900  16728100
4000  17554005.0625
4100  18399810.25
4200  19265515.5625
4300  20151121
4400  21056626.5625
4500  21982032.25
4600  22927338.0625
4700  23892544
4800  24877650.0625
4900  25882656.25
5000  26907562.5625
5100  27952369
5200  29017075.5625
5300  30101682.25
5400  31206189.0625
5500  32330596
5600  33474903.0625
5700  34639110.25
5800  35823217.5625
5900  37027225
6000  38251132.5625
6100  39494940.25
6200  40758648.0625
6300  42042256
6400  43345764.0625
6500  44669172.25
6600  46012480.5625
6700  47375689
6800  48758797.5625
6900  50161806.25
7000  51584715.0625
7100  53027524
7200  54490233.0625
7300  55972842.25
7400  57475351.5625
7500  58997761
7600  60540070.5625
7700  62102280.25
7800  63684390.0625
7900  65286400
8000  66908310.0625
8100  68550120.25
8200  70211830.5625
8300  71893441
8400  73594951.5625
8500  75316362.25
8600  77057673.0625
8700  78818884
8800  80599995.0625
8900  82401006.25
9000  84221917.5625
9100  86062729
9200  87923440.5625
9300  89804052.25
9400  91704564.0625
9500  93624976
9600  95565288.0625
9700  97525500.25
9800  99505612.5625
9900  101505625
10000  103525537.5625
10100  105565350.25
10200  107625063.0625
10300  109704676
10400  111804189.0625
10500  113923602.25
10600  116062915.5625
10700  118222129
10800  120401242.5625
10900  122600256.25
11000  124819170.0625
11100  127057984
11200  129316698.0625
11300  131595312.25
11400  133893826.5625
11500  136212241
11600  138550555.5625
11700  140908770.25
11800  143286885.0625
11900  145684900
12000  148102815.0625
12100  150540630.25
12200  152998345.5625
12300  155475961
12400  157973476.5625
12500  160490892.25
12600  163028208.0625
12700  165585424
12800  168162540.0625
12900  170759556.25
13000  173376472.5625
13100  176013289
13200  178670005.5625
13300  181346622.25
13400  184043139.0625
13500  186759556
13600  189495873.0625
13700  192252090.25
13800  195028207.5625
13900  197824225
14000  200640142.5625
14100  203475960.25
14200  206331678.0625
14300  209207296
14400  212102814.0625
14500  215018232.25
14600  217953550.5625
14700  220908769
14800  223883887.5625
14900  226878906.25
15000  229893825.0625
15100  232928644
15200  235983363.0625
15300  239057982.25
15400  242152501.5625
15500  245266921
15600  248401240.5625
15700  251555460.25
15800  254729580.0625
15900  257923600
16000  261137520.0625
16100  264371340.25
16200  267625060.5625
16300  270898681
16400  274192201.5625
16500  277505622.25
16600  280838943.0625
16700  284192164
16800  287565285.0625
16900  290958306.25
17000  294371227.5625
17100  297804049
17200  301256770.5625
17300  304729392.25
17400  308221914.0625
17500  311734336
17600  315266658.0625
17700  318818880.25
17800  322391002.5625
17900  325983025
18000  329594947.5625
18100  333226770.25
18200  336878493.0625
18300  340550116
18400  344241639.0625
18500  347953062.25
18600  351684385.5625
18700  355435609
18800  359206732.5625
18900  362997756.25
19000  366808680.0625
19100  370639504
19200  374490228.0625
19300  378360852.25
19400  382251376.5625
19500  386161801
19600  390092125.5625
19700  394042350.25
19800  398012475.0625
19900  402002500
20000  406012425.0625
20100  410042250.25
20200  414091975.5625
20300  418161601
20400  422251126.5625
20500  426360552.25
20600  430489878.0625
20700  434639104
20800  438808230.0625
20900  442997256.25
21000  447206182.5625
21100  451435009
21200  455683735.5625
21300  459952362.25
21400  464240889.0625
21500  468549316
21600  472877643.0625
21700  477225870.25
21800  481593997.5625
21900  485982025
22000  490389952.5625
22100  494817780.25
22200  499265508.0625
22300  503733136
22400  508220664.0625
22500  512728092.25
22600  517255420.5625
22700  521802649
22800  526369777.5625
22900  530956806.25
23000  535563735.0625
23100  540190564
23200  544837293.0625
23300  549503922.25
23400  554190451.5625
23500  558896881
23600  563623210.5625
23700  568369440.25
23800  573135570.0625
23900  577921600
24000  582727530.0625
24100  587553360.25
24200  592399090.5625
24300  597264721
24400  602150251.5625
24500  607055682.25
24600  611981013.0625
24700  616926244
24800  621891375.0625
24900  626876406.25
25000  631881337.5625
25100  636906169
25200  641950900.5625
25300  647015532.25
25400  652100064.0625
25500  657204496
25600  662328828.0625
25700  667473060.25
25800  672637192.5625
25900  677821225
26000  683025157.5625
26100  688248990.25
26200  693492723.0625
26300  698756356
26400  704039889.0625
26500  709343322.25
26600  714666655.5625
26700  720009889
26800  725373022.5625
26900  730756056.25
27000  736158990.0625
27100  741581824
27200  747024558.0625
27300  752487192.25
27400  757969726.5625
27500  763472161
27600  768994495.5625
27700  774536730.25
27800  780098865.0625
27900  785680900
28000  791282835.0625
28100  796904670.25
28200  802546405.5625
28300  808208041
28400  813889576.5625
28500  819591012.25
28600  825312348.0625
28700  831053584
28800  836814720.0625
28900  842595756.25
29000  848396692.5625
29100  854217529
29200  860058265.5625
29300  865918902.25
29400  871799439.0625
29500  877699876
29600  883620213.0625
29700  889560450.25
29800  895520587.5625
29900  901500625
30000  907500562.5625
30100  913520400.25
30200  919560138.0625
30300  925619776
30400  931699314.0625
30500  937798752.25
30600  943918090.5625
30700  950057329
30800  956216467.5625
30900  962395506.25
31000  968594445.0625
31100  974813284
31200  981052023.0625
31300  987310662.25
31400  993589201.5625
31500  999887641
31600  1006205980.5625
31700  1012544220.25
31800  1018902360.0625
31900  1025280400
32000  1031678340.0625
32100  1038096180.25
32200  1044533920.5625
32300  1050991561
32400  1057469101.5625
32500  1063966542.25
32600  1070483883.0625
32700  1077021124
32800  1083578265.0625
32900  1090155306.25
33000  1096752247.5625
33100  1103369089
33200  1110005830.5625
33300  1116662472.25
33400  1123339014.0625
33500  1130035456
33600  1136751798.0625
33700  1143488040.25
33800  1150244182.5625
33900  1157020225
34000  1163816167.5625
34100  1170632010.25
34200  1177467753.0625
34300  1184323396
34400  1191198939.0625
34500  1198094382.25
34600  1205009725.5625
34700  1211944969
34800  1218900112.5625
34900  1225875156.25
35000  1232870100.0625
35100  1239884944
35200  1246919688.0625
35300  1253974332.25
35400  1261048876.5625
35500  1268143321
35600  1275257665.5625
35700  1282391910.25
35800  1289546055.0625
35900  1296720100
36000  1303914045.0625
36100  1311127890.25
36200  1318361635.5625
36300  1325615281
36400  1332888826.5625
36500  1340182272.25
36600  1347495618.0625
36700  1354828864
36800  1362182010.0625
36900  1369555056.25
37000  1376948002.5625
37100  1384360849
37200  1391793595.5625
37300  1399246242.25
37400  1406718789.0625
37500  1414211236
37600  1421723583.0625
37700  1429255830.25
37800  1436807977.5625
37900  1444380025
38000  1451971972.5625
38100  1459583820.25
38200  1467215568.0625
38300  1474867216
38400  1482538764.0625
38500  1490230212.25
38600  1497941560.5625
38700  1505672809
38800  1513423957.5625
38900  1521195006.25
39000  1528985955.0625
39100  1536796804
39200  1544627553.0625
39300  1552478202.25
39400  1560348751.5625
39500  1568239201
39600  1576149550.5625
39700  1584079800.25
39800  1592029950.0625
39900  1600000000
40000  90000.0000000249
