0  -301.494618717842
100  -680.419834964529
200  -1178.97142679218
300  -1787.00761911048
400  -2351.32314017535
500  -3470.51163891959
600  -5910.39407256841
700  -7325.3218072592
800  -9054.38419042408
900  -11579.495881519
1000  -13472.7073367155
1100  -14710.6863679414
1200  -19609.3778178714
1300  -22123.8965633802
1400  -27308.5796276867
1500  -29181.4568445567
1600  -34361.3637944282
1700  -37946.5317116599
1800  -42328.3396665148
1900  -42166.3961705384
2000  -49040.0316939229
2100  -57966.8450167725
2200  -62317.6375695462
2300  -68248.4082073803
2400  -75561.2272296235
2500  -79914.3703989315
2600  -87534.8247321539
2700  -95959.1660272384
2800  -101686.682760216
2900  -105569.938550079
3000  -114052.55837283
3100  -120800.648466949
3200  -129959.127882166
3300  -133271.35833813
3400  -142309.244938251
3500  -155101.371181325
3600  -168335.593025375
3700  -170460.833571584
3800  -183730.57119363
3900  -192593.791543501
4000  -199621.67130425
4100  -214386.396142854
4200  -221381.968433833
4300  -240415.37193658
4400  -245600.454742263
4500  -266681.287699176
4600  -252622.596544496
4700  -286309.256913281
4800  -295077.149213392
4900  -305355.244112023
5000  -327413.170367149
5100  -326428.161520236
5200  -333588.022619509
5300  -360148.188937052
5400  -340219.253597679
5500  -393455.816897902
5600  -398198.968940516
5700  -400366.145215387
5800  -431169.916035135
5900  -452022.756145944
6000  -467573.591121656
6100  -482729.751104924
6200  -498783.484948721
6300  -505826.646784204
6400  -543101.113824898
6500  -550225.712613412
6600  -556463.522700554
6700  -574282.82599086
6800  -607638.34028188
6900  -619370.402127069
7000  -625717.899924096
7100  -663872.434092121
7200  -670508.741552914
7300  -699622.413041782
7400  -702261.523068662
7500  -685659.716249328
7600  -748884.771279762
7700  -766084.212441566
7800  -790903.978202997
7900  -814464.809033496
8000  -814200.413680376
8100  -855693.688852457
8200  -887478.672913819
8300  -915966.053487208
8400  -931350.890790633
8500  -958770.137489072
8600  -978102.003363125
8700  -1003179.83657784
8800  -1017837.22521367
8900  -1044164.87422767
9000  -1077026.89953404
9100  -1097297.78133038
9200  -1120464.37804497
9300  -1142213.1792319
9400  -1168025.99017424
9500  -1184276.49365874
9600  -1226361.3729913
9700  -1240369.20998769
9800  -1270856.89548593
9900  -1286431.26988157
10000  -1312409.78386559
10100  -1350485.18268036
10200  -1383810.71480334
10300  -1418423.58735953
10400  -1432349.72979669
10500  -1465713.42011826
10600  -1513552.95260827
10700  -1521752.94185513
10800  -1552534.55005138
10900  -1563812.65061658
11000  -1605140.24545238
11100  -1647922.48407759
11200  -1675344.02370378
11300  -1718806.10323942
11400  -1751084.84030216
11500  -1758340.79772771
11600  -1796697.00277943
11700  -1844924.23044518
11800  -1871685.90877018
11900  -1891682.40533589
12000  -1950057.46184968
12100  -1990495.89748941
12200  -2000938.11107825
12300  -2005144.37590982
12400  -2084739.92044567
12500  -2106190.29013013
12600  -2138060.08624386
12700  -2188076.38525668
12800  -2205061.69800143
12900  -2228600.11530309
13000  -2277349.54344203
13100  -2318934.23171651
13200  -2359802.21066315
13300  -2403046.36780322
13400  -2437245.86758524
13500  -2496609.04047628
13600  -2501427.70786377
13700  -2559266.16058585
13800  -2594911.83076413
13900  -2599428.01896458
14000  -2664740.15192275
14100  -2700355.81485395
14200  -2750713.78270683
14300  -2777882.66418174
14400  -2825596.64465766
14500  -2866669.38944423
14600  -2925505.22226192
14700  -2950609.6578354
14800  -2991598.03930845
14900  -3035376.79751991
15000  -3069374.95408754
15100  -3102933.11593021
15200  -3168031.98954176
15300  -3206305.4898487
15400  -3243770.47484758
15500  -3282269.42411523
15600  -3316240.8203049
15700  -3386044.75507607
15800  -3422973.07642371
15900  -3483951.96322124
16000  -3517465.97747336
16100  -3553757.98363298
16200  -3570664.74218193
16300  -3648053.63709074
16400  -3686289.78229464
16500  -3752870.07896999
16600  -3806865.10590209
16700  -3837605.78048916
16800  -3895308.60775931
16900  -3953501.54762975
17000  -3999056.26389685
17100  -3954785.37134219
17200  -4093807.3007085
17300  -4126669.38384971
17400  -4183847.3979978
17500  -4232811.78389464
17600  -4302805.94392213
17700  -4345648.0001793
17800  -4368129.66276758
17900  -4432345.45247372
18000  -4471424.39374222
18100  -4545170.20980285
18200  -4592864.21596997
18300  -4638627.4725899
18400  -4690249.75079167
18500  -4745838.39083244
18600  -4816192.99108685
18700  -4829041.01048541
18800  -4932569.1537216
18900  -4948927.89830753
19000  -4999842.52926402
19100  -5085013.80371297
19200  -5132272.61540115
19300  -5189808.72190014
19400  -5249275.38882418
19500  -5324940.29001376
19600  -5345119.33467733
19700  -5415234.75674587
19800  -5464367.42112921
19900  -5535971.29868059
20000  -5584248.94776026
20100  -5640832.00728507
20200  -5717813.78928362
20300  -5764476.4519069
20400  -5823470.44581127
20500  -5896477.54402844
20600  -5959988.0420448
20700  -6013346.34505038
20800  -6053929.29002645
20900  -6144281.03519144
21000  -6199694.43278393
21100  -6241117.80254504
21200  -6294927.06970391
21300  -6317155.09015463
21400  -6413344.56480152
21500  -6504077.3929018
21600  -6587474.99169379
21700  -6649261.49764359
21800  -6704327.21048355
21900  -6795160.13964279
22000  -6816841.17399883
22100  -6888983.7149844
22200  -6945958.42856142
22300  -7034597.57197066
22400  -7088986.69361623
22500  -7147707.72639232
22600  -7241622.64321946
22700  -7280471.91603752
22800  -7351567.47489847
22900  -7423581.97229456
23000  -7498389.02804862
23100  -7555266.83710047
23200  -7633427.30250369
23300  -7711007.00925257
23400  -7792585.73851676
23500  -7864239.44192853
23600  -7911202.89420712
23700  -7945637.86976285
23800  -8042703.88178311
23900  -8091334.73698177
24000  -8187369.16873661
24100  -8207966.48209114
24200  -8344290.05643696
24300  -8377282.18984242
24400  -8346313.20413508
24500  -8524097.10296456
24600  -8570819.73871798
24700  -8725119.46337087
24800  -8767690.07890643
24900  -8862645.24511385
25000  -8915153.48078006
25100  -9013336.61348383
25200  -9083264.58672919
25300  -9164581.17288684
25400  -9233074.77850103
25500  -9295847.03954112
25600  -9392368.83540821
25700  -9485155.30125128
25800  -9550410.73945441
25900  -9614317.25723009
26000  -9700406.8237786
26100  -9745131.39113611
26200  -9859298.39588441
26300  -9923663.7257727
26400  -10007951.6940504
26500  -10040639.1978167
26600  -10186077.642965
26700  -10264146.7251909
26800  -10339998.4675975
26900  -10418404.2215739
27000  -10488287.5217335
27100  -10575605.8219848
27200  -10682870.065213
27300  -10726143.6711369
27400  -10809442.905824
27500  -10913830.636347
27600  -10870352.501232
27700  -11068044.9059229
27800  -11166951.9240138
27900  -11245555.9942344
28000  -11352897.1889556
28100  -11428102.3992819
28200  -11472204.4315067
28300  -11616547.5650846
28400  -11675695.2911088
28500  -11774283.0919131
28600  -11834570.0433097
28700  -11926958.2545748
28800  -12053357.2561621
28900  -12153792.174202
29000  -12229097.9544251
29100  -12291004.3799523
29200  -12374606.0999105
29300  -12405419.9646288
29400  -12558015.4762087
29500  -12660146.3056836
29600  -12747603.9078238
29700  -12884844.3660184
29800  -12930428.8541132
29900  -13008901.6301965
30000  -13131460.1223947
30100  -13220039.1985303
30200  -13358063.2676631
30300  -13418079.3253022
30400  -13478518.7687063
30500  -13609438.5994387
30600  -13669826.4247646
30700  -13815034.7289873
30800  -13857601.0597282
30900  -13985522.0357772
31000  -14093672.9817522
31100  -14013398.4956731
31200  -14257754.4672446
31300  -14357368.4227446
31400  -14484597.1128362
31500  -14551388.0667733
31600  -14701402.812931
31700  -14760577.3620916
31800  -14819864.9261228
31900  -14942786.8440807
32000  -15042037.2715218
32100  -15145790.1601113
32200  -15281144.2788576
32300  -15384249.0187156
32400  -15426408.9039046
32500  -15584423.7117609
32600  -15691814.3533444
32700  -15734362.9108472
32800  -15920215.105591
32900  -15988106.4431198
33000  -16071080.9119564
33100  -16155799.5068365
33200  -16343929.514152
33300  -16418191.2159952
33400  -16500046.124187
33500  -16654301.4241124
33600  -16729831.8712215
33700  -16854383.6713497
33800  -16934087.6581163
33900  -17071422.2750174
34000  -17173249.9862773
34100  -17241656.6237737
34200  -17419624.3706519
34300  -17538488.7362174
34400  -17568563.9895819
34500  -17738163.2268429
34600  -17846250.8184675
34700  -17937155.9228766
34800  -18050524.2537332
34900  -18141497.4566241
35000  -18238852.8026179
35100  -18398975.7486633
35200  -18515724.2434984
35300  -18596994.3916914
35400  -18745602.6995331
35500  -18856062.9350194
35600  -18970392.2466155
35700  -19062785.5612867
35800  -19215778.403975
35900  -19338129.7902698
36000  -19408444.4339934
36100  -19563140.8348472
36200  -19672576.3430096
36300  -19869268.2547825
36400  -19895411.6231184
36500  -20019810.883641
36600  -20209286.0702261
36700  -20264649.6348018
36800  -20450133.2664934
36900  -20501280.4754824
37000  -20637758.0188742
37100  -20810254.322325
37200  -20848089.9551487
37300  -21064913.6684752
37400  -21164565.5858297
37500  -21232673.4356943
37600  -21443567.2762503
37700  -21527920.9132845
37800  -21671726.1678913
37900  -21830656.157467
38000  -21928599.4851928
38100  -22070051.7657139
38200  -22191776.590467
38300  -22359794.9630453
38400  -22458886.6570862
38500  -22632437.5474394
38600  -22769786.9457384
38700  -22876164.4550438
38800  -22999476.8112347
38900  -23127783.2919274
39000  -23303497.1893253
39100  -23436115.0922656
39200  -23532827.4827081
39300  -23760825.1668856
39400  -23866971.2031771
39500  -24103049.1491484
39600  -24269729.0903334
39700  -24391785.2951656
39800  -24611868.9322154
39900  -24784589.9878024
40000  -25000827.8256576
