0  -95.3409697432417
100  -378.034939520324
200  -835.645656480705
300  -1433.45116492567
400  -2018.83747942614
500  -3121.12643288192
600  -5455.70666239011
700  -6873.46832410087
800  -8615.9646953051
900  -11124.6115126232
1000  -13036.6186472179
1100  -14094.6585276075
1200  -19127.7784397796
1300  -21686.0202259796
1400  -26703.4417800751
1500  -28589.6078072977
1600  -33847.4343749834
1700  -37439.4714246009
1800  -41794.180539014
1900  -46594.5525603226
2000  -47887.0618978475
2100  -57392.7552060953
2200  -61202.2130377946
2300  -65987.0925834811
2400  -74549.063869328
2500  -76408.7182157148
2600  -86401.6633367304
2700  -95018.4263113665
2800  -100133.833487304
2900  -106119.156872906
3000  -111159.061853641
3100  -120736.432217719
3200  -131685.253571523
3300  -132178.817909316
3400  -150195.997247905
3500  -157621.085882838
3600  -165478.42713788
3700  -167003.516641245
3800  -188373.02194595
3900  -188686.294493712
4000  -205537.264837711
4100  -217231.745420451
4200  -223411.761909847
4300  -229735.703029837
4400  -248183.486709616
4500  -261564.975852027
4600  -271118.851074012
4700  -279160.593032374
4800  -301077.505529716
4900  -310018.48450683
5000  -321447.340197401
5100  -327810.758616526
5200  -356904.595898906
5300  -364131.904776507
5400  -366424.948384585
5500  -393543.261106286
5600  -401055.283807148
5700  -414710.500666724
5800  -437364.673911415
5900  -446929.431408443
6000  -455514.435387605
6100  -475505.465164154
6200  -502016.450004773
6300  -521543.134413942
6400  -534979.589835485
6500  -542617.440525077
6600  -562651.544801725
6700  -587173.175529637
6800  -599671.698948571
6900  -626574.089261257
7000  -624494.720670048
7100  -655053.634141095
7200  -677494.919518956
7300  -686686.976841375
7400  -719368.190536348
7500  -746790.236184262
7600  -747298.748080592
7700  -792290.66575128
7800  -806196.999963281
7900  -825142.792663316
8000  -845400.285691123
8100  -875661.927360516
8200  -878089.556187224
8300  -906121.567577393
8400  -926306.210265056
8500  -954452.050123807
8600  -975140.596578325
8700  -1004239.24577433
8800  -1024162.67996868
8900  -1059214.61389336
9000  -1052673.87621461
9100  -1092971.64711883
9200  -1129817.94921428
9300  -1160932.84579257
9400  -1171339.13615069
9500  -1193859.52600148
9600  -1224647.11236468
9700  -1250964.75937412
9800  -1277311.39193688
9900  -1317573.61553093
10000  -1332493.65476979
10100  -1362983.8091545
10200  -1392700.11174328
10300  -1421764.63610208
10400  -1446515.46171268
10500  -1482767.31623556
10600  -1515079.52326207
10700  -1507609.7538267
10800  -1565729.74903646
10900  -1602791.43177545
11000  -1637638.0949466
11100  -1660443.35930374
11200  -1663189.46214156
11300  -1716604.02668583
11400  -1735893.56898444
11500  -1786003.2147292
11600  -1821045.07842598
11700  -1845576.63451278
11800  -1864524.62243859
11900  -1904223.87944067
12000  -1946861.85177501
12100  -1978209.92168672
12200  -2024655.31982424
12300  -2059635.66133554
12400  -2070364.41820762
12500  -2104309.70643645
12600  -2165481.02353903
12700  -2193414.21295955
12800  -2223034.92544123
12900  -2269333.37969454
13000  -2294740.9839999
13100  -2337136.29766407
13200  -2360326.80175797
13300  -2410764.19389772
13400  -2453325.45578182
13500  -2486344.80960861
13600  -2523715.49991088
13700  -2558182.69529819
13800  -2593396.01018239
13900  -2623067.53006647
14000  -2692529.97938587
14100  -2724661.62398706
14200  -2716920.51670965
14300  -2773718.59642205
14400  -2829951.73973377
14500  -2868151.87944218
14600  -2911040.93420911
14700  -2947716.67110438
14800  -2985000.94150221
14900  -3050674.17645052
15000  -3085365.5704474
15100  -3120367.0995074
15200  -3177616.01474577
15300  -3205509.55249409
15400  -3282012.20558001
15500  -3313452.1264814
15600  -3337090.08070775
15700  -3393781.87737761
15800  -3442884.93203137
15900  -3483978.90441349
16000  -3510318.04009899
16100  -3575541.2904531
16200  -3636007.54240513
16300  -3674925.99332716
16400  -3727389.88866319
16500  -3758753.11075752
16600  -3821019.94681553
16700  -3846381.5786171
16800  -3894267.40616278
16900  -3962180.9399933
17000  -4012254.49878538
17100  -4056662.07387282
17200  -4124875.58347131
17300  -4172945.27104002
17400  -4228982.25570437
17500  -4272264.72221181
17600  -4309437.42156436
17700  -4377720.33391876
17800  -4424058.57377833
17900  -4469346.96020671
18000  -4488598.65764749
18100  -4552107.23081269
18200  -4605151.37002917
18300  -4660602.76410462
18400  -4733637.57731877
18500  -4790159.63385268
18600  -4825013.48414044
18700  -4839066.29764097
18800  -4944186.69361906
18900  -5002227.09962083
19000  -5051326.51116551
19100  -5107927.21872599
19200  -5173459.1830581
19300  -5244464.03736013
19400  -5288500.96156285
19500  -5359563.57685839
19600  -5410467.02806694
19700  -5457100.82268762
19800  -5514900.30576569
19900  -5565993.26790265
20000  -5614877.0316185
20100  -5682949.90273224
20200  -5747657.56873422
20300  -5779970.98533497
20400  -5874187.39931058
20500  -5929159.13566046
20600  -5978787.71594775
20700  -6058527.52957743
20800  -6115186.19646405
20900  -6128476.90995384
21000  -6206556.94170575
21100  -6306157.55082788
21200  -6350347.60599475
21300  -6397265.18447088
21400  -6481685.96133957
21500  -6503153.07138251
21600  -6610011.70926518
21700  -6673328.48650469
21800  -6711892.38432071
21900  -6797748.79117155
22000  -6840839.54392445
22100  -6915617.44131981
22200  -6984685.45169168
22300  -7079466.38743639
22400  -7128683.2173492
22500  -7204157.87647744
22600  -7269766.62422477
22700  -7324796.15027237
22800  -7396986.0691326
22900  -7473634.67525448
23000  -7521656.71286621
23100  -7609532.48890102
23200  -7646381.6742549
23300  -7739692.88828957
23400  -7844901.34169883
23500  -7887145.14529986
23600  -7962527.22223572
23700  -8059768.81081653
23800  -8063249.48446529
23900  -8147581.40508091
24000  -8250271.12740051
24100  -8304416.21953533
24200  -8382150.16749705
24300  -8465308.47174457
24400  -8456681.24827274
24500  -8588201.45753652
24600  -8698735.41853139
24700  -8750311.25908592
24800  -8806684.93611353
24900  -8877656.10106971
25000  -8973496.22652748
25100  -9069882.87507946
25200  -9087911.6923524
25300  -9219004.86945652
25400  -9269351.65128306
25500  -9335254.42580804
25600  -9438826.09111786
25700  -9505777.94769515
25800  -9590327.545669
25900  -9653695.42088794
26000  -9713730.82514051
26100  -9839653.01558683
26200  -9880413.68870164
26300  -9956919.50765387
26400  -10049377.3311619
26500  -10145608.7765836
26600  -10249854.7822781
26700  -10302686.7262759
26800  -10370953.0671737
26900  -10477208.0088515
27000  -10545519.3658026
27100  -10602556.2205542
27200  -10709898.6535409
27300  -10773088.1261824
27400  -10907350.918267
27500  -10952424.8442529
27600  -11070883.1644789
27700  -11095213.1289071
27800  -11224917.9288539
27900  -11319923.7783121
28000  -11409784.886465
28100  -11490809.5521333
28200  -11557520.8028133
28300  -11668853.9697174
28400  -11767686.1185619
28500  -11797943.4202357
28600  -11929978.6580454
28700  -11992862.6508708
28800  -12115416.3800451
28900  -12185100.2623955
29000  -12239141.9516537
29100  -12389919.2843609
29200  -12446583.4415399
29300  -12572908.0888562
29400  -12656556.3813475
29500  -12735303.39319
29600  -12812859.0459555
29700  -12880746.6264814
29800  -13013016.9983744
29900  -13125896.3272387
30000  -13206361.621092
30100  -13267257.6157757
30200  -13322165.9289648
30300  -13484409.9303162
30400  -13568641.3115228
30500  -13659840.3555362
30600  -13752942.979448
30700  -13876456.2352811
30800  -13900649.0147471
30900  -14046642.8701398
31000  -14182525.353421
31100  -14257041.6751884
31200  -14333083.1005096
31300  -14484126.3954625
31400  -14561959.0822683
31500  -14639876.223926
31600  -14712680.840041
31700  -14857827.8002139
31800  -14921675.0016555
31900  -15057532.4913284
32000  -15115190.8673734
32100  -15235069.2771131
32200  -15361414.4766483
32300  -15468324.2699844
32400  -15569768.3187885
32500  -15641764.8998449
32600  -15689604.4353824
32700  -15888670.300323
32800  -16006311.3937656
32900  -16081087.1501796
33000  -16114198.9673546
33100  -16299818.8648313
33200  -16389669.7670042
33300  -16498536.9509695
33400  -16603856.3522579
33500  -16581173.5596279
33600  -16837530.8261124
33700  -16922833.7418271
33800  -17028068.7458382
33900  -17152163.5826503
34000  -17260322.6509584
34100  -17347242.1146772
34200  -17447795.1959173
34300  -17614445.7968686
34400  -17684150.7832401
34500  -17759451.0824208
34600  -17950170.8720204
34700  -18018032.1136805
34800  -18154495.8287112
34900  -18307664.4318347
35000  -18396739.1345219
35100  -18531300.0580893
35200  -18607792.8439268
35300  -18747955.5616692
35400  -18837433.4463127
35500  -18908298.5790548
35600  -19089491.496227
35700  -19137350.5902174
35800  -19323801.2918011
35900  -19418798.3103806
36000  -19477507.6171234
36100  -19656618.7451139
36200  -19770672.5353099
36300  -19925894.2729217
36400  -20017818.6461576
36500  -20158398.5061839
36600  -20251781.5284106
36700  -20434946.4574321
36800  -20468259.9431925
36900  -20630170.9582414
37000  -20596285.1310019
37100  -20903404.7756813
37200  -21037204.5155597
37300  -21150988.0257816
37400  -21279403.9055053
37500  -21456805.3655314
37600  -21584327.1155919
37700  -21664698.9562426
37800  -21818715.4064647
37900  -21916041.9215887
38000  -22084014.0997546
38100  -22136270.9182793
38200  -22371094.081655
38300  -22475261.1064315
38400  -22624605.5256545
38500  -22758048.6043044
38600  -22898688.5433311
38700  -23057514.2777232
38800  -23167245.0804339
38900  -23312082.3963364
39000  -23497604.3661543
39100  -23606926.277642
39200  -23708091.0076093
39300  -23934108.2584964
39400  -23998815.8990505
39500  -24243525.3823896
39600  -24464112.3477371
39700  -24625473.0502718
39800  -24802116.3603188
39900  -25000124.7070377
40000  -3481.41368156917
