   0.000000000000000E+00   0.128805706190356E+01
   0.100000000000000E+03   0.128733273468047E+01
   0.200000000000000E+03   0.128534466568024E+01
   0.300000000000000E+03   0.128222492773116E+01
   0.400000000000000E+03   0.127741394095994E+01
   0.500000000000000E+03   0.126755323510363E+01
   0.600000000000000E+03   0.126551307408209E+01
   0.700000000000000E+03   0.128694146620161E+01
   0.800000000000000E+03   0.128184368054634E+01
   0.900000000000000E+03   0.127893971870265E+01
   0.100000000000000E+04   0.128925576982006E+01
   0.110000000000000E+04   0.128476087734855E+01
   0.120000000000000E+04   0.128365317097876E+01
   0.130000000000000E+04   0.128488194711181E+01
   0.140000000000000E+04   0.129203021106120E+01
   0.150000000000000E+04   0.128792258320669E+01
   0.160000000000000E+04   0.128179740201383E+01
   0.170000000000000E+04   0.129365951496009E+01
   0.180000000000000E+04   0.129689623893961E+01
   0.190000000000000E+04   0.129892133059152E+01
   0.200000000000000E+04   0.129843032919768E+01
   0.210000000000000E+04   0.129637023264744E+01
   0.220000000000000E+04   0.130202628520922E+01
   0.230000000000000E+04   0.129925936595934E+01
   0.240000000000000E+04   0.129234153883682E+01
   0.250000000000000E+04   0.129388201171090E+01
   0.260000000000000E+04   0.130134279688706E+01
   0.270000000000000E+04   0.130203495891286E+01
   0.280000000000000E+04   0.130099758400423E+01
   0.290000000000000E+04   0.130549024680206E+01
   0.300000000000000E+04   0.130135065508829E+01
   0.310000000000000E+04   0.130101248195858E+01
   0.320000000000000E+04   0.130038933026532E+01
   0.330000000000000E+04   0.130598850302125E+01
   0.340000000000000E+04   0.129805139524953E+01
   0.350000000000000E+04   0.130453920792340E+01
   0.360000000000000E+04   0.130490261319359E+01
   0.370000000000000E+04   0.130748458640153E+01
   0.380000000000000E+04   0.130094602199561E+01
   0.390000000000000E+04   0.130937905675299E+01
   0.400000000000000E+04   0.130111822499291E+01
   0.410000000000000E+04   0.130753985789721E+01
   0.420000000000000E+04   0.130792126206528E+01
   0.430000000000000E+04   0.130296898856115E+01
   0.440000000000000E+04   0.129894467838147E+01
   0.450000000000000E+04   0.130102480850730E+01
   0.460000000000000E+04   0.130488373715439E+01
   0.470000000000000E+04   0.130196597452303E+01
   0.480000000000000E+04   0.129684975080383E+01
   0.490000000000000E+04   0.130490140448415E+01
   0.500000000000000E+04   0.130112139277901E+01
   0.510000000000000E+04   0.130078162908201E+01
   0.520000000000000E+04   0.129365005026214E+01
   0.530000000000000E+04   0.130472835790979E+01
   0.540000000000000E+04   0.130034410873883E+01
   0.550000000000000E+04   0.128619614773655E+01
   0.560000000000000E+04   0.129799145367163E+01
   0.570000000000000E+04   0.129489475068845E+01
   0.580000000000000E+04   0.129116850374419E+01
   0.590000000000000E+04   0.129631670084856E+01
   0.600000000000000E+04   0.129128163398603E+01
   0.610000000000000E+04   0.128684838674907E+01
   0.620000000000000E+04   0.128789169609949E+01
   0.630000000000000E+04   0.128706372576433E+01
   0.640000000000000E+04   0.128655889034636E+01
   0.650000000000000E+04   0.128698990579414E+01
   0.660000000000000E+04   0.128178994220977E+01
   0.670000000000000E+04   0.127940279776982E+01
   0.680000000000000E+04   0.128500099083748E+01
   0.690000000000000E+04   0.127417680009427E+01
   0.700000000000000E+04   0.128081025078436E+01
   0.710000000000000E+04   0.127146368698529E+01
   0.720000000000000E+04   0.127690624239442E+01
   0.730000000000000E+04   0.127488043060169E+01
   0.740000000000000E+04   0.126761271208981E+01
   0.750000000000000E+04   0.127362129277505E+01
   0.760000000000000E+04   0.127240596651469E+01
   0.770000000000000E+04   0.126901212304087E+01
   0.780000000000000E+04   0.127322957918606E+01
   0.790000000000000E+04   0.126967074604323E+01
   0.800000000000000E+04   0.126413779478675E+01
   0.810000000000000E+04   0.126381543261882E+01
   0.820000000000000E+04   0.126507981835077E+01
   0.830000000000000E+04   0.125510470877571E+01
   0.840000000000000E+04   0.125284362906933E+01
   0.850000000000000E+04   0.125431519885304E+01
   0.860000000000000E+04   0.125243361309638E+01
   0.870000000000000E+04   0.124662558526392E+01
   0.880000000000000E+04   0.124910615209336E+01
   0.890000000000000E+04   0.124478508067091E+01
   0.900000000000000E+04   0.124667619061540E+01
   0.910000000000000E+04   0.123611384941136E+01
   0.920000000000000E+04   0.123469154998637E+01
   0.930000000000000E+04   0.123516589876032E+01
   0.940000000000000E+04   0.123264623618403E+01
   0.950000000000000E+04   0.122502031373788E+01
   0.960000000000000E+04   0.122922283182774E+01
   0.970000000000000E+04   0.122960537792221E+01
   0.980000000000000E+04   0.122117872805334E+01
   0.990000000000000E+04   0.122320805261901E+01
   0.100000000000000E+05   0.122420773554899E+01
   0.101000000000000E+05   0.121610145091537E+01
   0.102000000000000E+05   0.121364874834532E+01
   0.103000000000000E+05   0.120834011648461E+01
   0.104000000000000E+05   0.121188332943770E+01
   0.105000000000000E+05   0.120831118402768E+01
   0.106000000000000E+05   0.120632249239021E+01
   0.107000000000000E+05   0.120752711084174E+01
   0.108000000000000E+05   0.118433995579213E+01
   0.109000000000000E+05   0.120115405342308E+01
   0.110000000000000E+05   0.119301036626862E+01
   0.111000000000000E+05   0.119642466412580E+01
   0.112000000000000E+05   0.119394505894507E+01
   0.113000000000000E+05   0.118139424943899E+01
   0.114000000000000E+05   0.118729953583948E+01
   0.115000000000000E+05   0.118187174350221E+01
   0.116000000000000E+05   0.118282020236737E+01
   0.117000000000000E+05   0.118309995294750E+01
   0.118000000000000E+05   0.117593208751476E+01
   0.119000000000000E+05   0.117357481501200E+01
   0.120000000000000E+05   0.117144537613272E+01
   0.121000000000000E+05   0.116776745943230E+01
   0.122000000000000E+05   0.116583694706771E+01
   0.123000000000000E+05   0.116267468639928E+01
   0.124000000000000E+05   0.116636672431305E+01
   0.125000000000000E+05   0.115739843884343E+01
   0.126000000000000E+05   0.115330416485314E+01
   0.127000000000000E+05   0.115656537342658E+01
   0.128000000000000E+05   0.115269676410436E+01
   0.129000000000000E+05   0.115027349826550E+01
   0.130000000000000E+05   0.114321954849007E+01
   0.131000000000000E+05   0.114357389151060E+01
   0.132000000000000E+05   0.114454036767325E+01
   0.133000000000000E+05   0.113939722591562E+01
   0.134000000000000E+05   0.113724662939189E+01
   0.135000000000000E+05   0.113361069779399E+01
   0.136000000000000E+05   0.113316025716487E+01
   0.137000000000000E+05   0.113160782415746E+01
   0.138000000000000E+05   0.112910443880700E+01
   0.139000000000000E+05   0.112134408186373E+01
   0.140000000000000E+05   0.112233064235572E+01
   0.141000000000000E+05   0.112232583549617E+01
   0.142000000000000E+05   0.112117745390162E+01
   0.143000000000000E+05   0.111394573683111E+01
   0.144000000000000E+05   0.111275123913023E+01
   0.145000000000000E+05   0.111173383163248E+01
   0.146000000000000E+05   0.110959343221830E+01
   0.147000000000000E+05   0.110603419874731E+01
   0.148000000000000E+05   0.110458626707688E+01
   0.149000000000000E+05   0.108915939993998E+01
   0.150000000000000E+05   0.109947377702673E+01
   0.151000000000000E+05   0.110092334250829E+01
   0.152000000000000E+05   0.109723598800144E+01
   0.153000000000000E+05   0.109661125501890E+01
   0.154000000000000E+05   0.109371982286056E+01
   0.155000000000000E+05   0.109770237608183E+01
   0.156000000000000E+05   0.109394737287404E+01
   0.157000000000000E+05   0.109005850523760E+01
   0.158000000000000E+05   0.108811490553937E+01
   0.159000000000000E+05   0.108720721640556E+01
   0.160000000000000E+05   0.108657347464761E+01
   0.161000000000000E+05   0.107817076678857E+01
   0.162000000000000E+05   0.108130972188767E+01
   0.163000000000000E+05   0.108143580254407E+01
   0.164000000000000E+05   0.108051063630858E+01
   0.165000000000000E+05   0.107993880382345E+01
   0.166000000000000E+05   0.107543401637004E+01
   0.167000000000000E+05   0.107355540706194E+01
   0.168000000000000E+05   0.106742796870333E+01
   0.169000000000000E+05   0.107135615916904E+01
   0.170000000000000E+05   0.106945728936803E+01
   0.171000000000000E+05   0.106934801674946E+01
   0.172000000000000E+05   0.106870594044502E+01
   0.173000000000000E+05   0.106629410901326E+01
   0.174000000000000E+05   0.106573353041844E+01
   0.175000000000000E+05   0.106456626570133E+01
   0.176000000000000E+05   0.106242108716395E+01
   0.177000000000000E+05   0.105943648510410E+01
   0.178000000000000E+05   0.106190307249879E+01
   0.179000000000000E+05   0.105758615045762E+01
   0.180000000000000E+05   0.106154583139475E+01
   0.181000000000000E+05   0.105636711353251E+01
   0.182000000000000E+05   0.105422220426787E+01
   0.183000000000000E+05   0.105338821440706E+01
   0.184000000000000E+05   0.105626486875619E+01
   0.185000000000000E+05   0.105527583082123E+01
   0.186000000000000E+05   0.105467979260948E+01
   0.187000000000000E+05   0.104951114844666E+01
   0.188000000000000E+05   0.104835958371457E+01
   0.189000000000000E+05   0.105168027400887E+01
   0.190000000000000E+05   0.105239517858078E+01
   0.191000000000000E+05   0.105252845632941E+01
   0.192000000000000E+05   0.104964255043685E+01
   0.193000000000000E+05   0.105067171486124E+01
   0.194000000000000E+05   0.105249439057885E+01
   0.195000000000000E+05   0.104862783121432E+01
   0.196000000000000E+05   0.105070605743115E+01
   0.197000000000000E+05   0.104897517531746E+01
   0.198000000000000E+05   0.104894848419440E+01
   0.199000000000000E+05   0.104551595343007E+01
   0.200000000000000E+05   0.104786014370207E+01
   0.201000000000000E+05   0.104457611164509E+01
   0.202000000000000E+05   0.104616124423423E+01
   0.203000000000000E+05   0.104087836006222E+01
   0.204000000000000E+05   0.104325050298422E+01
   0.205000000000000E+05   0.104748882191408E+01
   0.206000000000000E+05   0.104949142940558E+01
   0.207000000000000E+05   0.104311655238883E+01
   0.208000000000000E+05   0.104731701674679E+01
   0.209000000000000E+05   0.104676185806016E+01
   0.210000000000000E+05   0.104100497508328E+01
   0.211000000000000E+05   0.104673401490418E+01
   0.212000000000000E+05   0.104759056053738E+01
   0.213000000000000E+05   0.104925420012770E+01
   0.214000000000000E+05   0.104543563078887E+01
   0.215000000000000E+05   0.104790185616813E+01
   0.216000000000000E+05   0.103906505206407E+01
   0.217000000000000E+05   0.104958907262871E+01
   0.218000000000000E+05   0.104976434708206E+01
   0.219000000000000E+05   0.105098216895697E+01
   0.220000000000000E+05   0.105273439019579E+01
   0.221000000000000E+05   0.104685094079670E+01
   0.222000000000000E+05   0.105083639738617E+01
   0.223000000000000E+05   0.104997945689630E+01
   0.224000000000000E+05   0.105096504506876E+01
   0.225000000000000E+05   0.105435245134526E+01
   0.226000000000000E+05   0.105197966351101E+01
   0.227000000000000E+05   0.105602886810896E+01
   0.228000000000000E+05   0.105630091118431E+01
   0.229000000000000E+05   0.105546914634033E+01
   0.230000000000000E+05   0.106095073875790E+01
   0.231000000000000E+05   0.106088132540256E+01
   0.232000000000000E+05   0.106356683853188E+01
   0.233000000000000E+05   0.106068741847359E+01
   0.234000000000000E+05   0.105454613271939E+01
   0.235000000000000E+05   0.106600789959502E+01
   0.236000000000000E+05   0.106568549302646E+01
   0.237000000000000E+05   0.106957258078482E+01
   0.238000000000000E+05   0.107429487324267E+01
   0.239000000000000E+05   0.107046375188454E+01
   0.240000000000000E+05   0.107186524021576E+01
   0.241000000000000E+05   0.107328361636962E+01
   0.242000000000000E+05   0.107610972725684E+01
   0.243000000000000E+05   0.107804154766163E+01
   0.244000000000000E+05   0.107935921939270E+01
   0.245000000000000E+05   0.107451591282602E+01
   0.246000000000000E+05   0.107873350045729E+01
   0.247000000000000E+05   0.108250720314183E+01
   0.248000000000000E+05   0.108976294037903E+01
   0.249000000000000E+05   0.108005693867473E+01
   0.250000000000000E+05   0.108872724460231E+01
   0.251000000000000E+05   0.109261781237651E+01
   0.252000000000000E+05   0.109963741138435E+01
   0.253000000000000E+05   0.109562148556685E+01
   0.254000000000000E+05   0.110257230828383E+01
   0.255000000000000E+05   0.110435113800751E+01
   0.256000000000000E+05   0.110424344391399E+01
   0.257000000000000E+05   0.110939111626525E+01
   0.258000000000000E+05   0.110791835835174E+01
   0.259000000000000E+05   0.110320883065867E+01
   0.260000000000000E+05   0.111768082356067E+01
   0.261000000000000E+05   0.110676652141872E+01
   0.262000000000000E+05   0.111673291936065E+01
   0.263000000000000E+05   0.112351091120557E+01
   0.264000000000000E+05   0.112282466747200E+01
   0.265000000000000E+05   0.112710896681117E+01
   0.266000000000000E+05   0.112988835187171E+01
   0.267000000000000E+05   0.113857936136536E+01
   0.268000000000000E+05   0.114108517958677E+01
   0.269000000000000E+05   0.113695207920664E+01
   0.270000000000000E+05   0.114676808778099E+01
   0.271000000000000E+05   0.114954885905097E+01
   0.272000000000000E+05   0.114970649361518E+01
   0.273000000000000E+05   0.115773621994281E+01
   0.274000000000000E+05   0.116110890778031E+01
   0.275000000000000E+05   0.116328752740229E+01
   0.276000000000000E+05   0.116811106467172E+01
   0.277000000000000E+05   0.117474092981018E+01
   0.278000000000000E+05   0.116837425291376E+01
   0.279000000000000E+05   0.118097294146076E+01
   0.280000000000000E+05   0.118533900240075E+01
   0.281000000000000E+05   0.119066270604978E+01
   0.282000000000000E+05   0.119415095275146E+01
   0.283000000000000E+05   0.119463906813813E+01
   0.284000000000000E+05   0.120370651614668E+01
   0.285000000000000E+05   0.120588034418371E+01
   0.286000000000000E+05   0.120373942640668E+01
   0.287000000000000E+05   0.121605107291028E+01
   0.288000000000000E+05   0.121621655357442E+01
   0.289000000000000E+05   0.122592285510446E+01
   0.290000000000000E+05   0.122613552196146E+01
   0.291000000000000E+05   0.121631951972275E+01
   0.292000000000000E+05   0.123732606071845E+01
   0.293000000000000E+05   0.124020406549148E+01
   0.294000000000000E+05   0.125051150345409E+01
   0.295000000000000E+05   0.125568821609788E+01
   0.296000000000000E+05   0.126037427379080E+01
   0.297000000000000E+05   0.126750681543708E+01
   0.298000000000000E+05   0.127001330880351E+01
   0.299000000000000E+05   0.127623707480679E+01
   0.300000000000000E+05   0.128834015894537E+01
   0.301000000000000E+05   0.129234796997145E+01
   0.302000000000000E+05   0.129393135000189E+01
   0.303000000000000E+05   0.127341938722650E+01
   0.304000000000000E+05   0.131149600044176E+01
   0.305000000000000E+05   0.131153952186492E+01
   0.306000000000000E+05   0.131268973631211E+01
   0.307000000000000E+05   0.130588352736297E+01
   0.308000000000000E+05   0.134071153033214E+01
   0.309000000000000E+05   0.132368365632514E+01
   0.310000000000000E+05   0.134798941715904E+01
   0.311000000000000E+05   0.135571607216442E+01
   0.312000000000000E+05   0.136647152690341E+01
   0.313000000000000E+05   0.136381824609755E+01
   0.314000000000000E+05   0.137794096339592E+01
   0.315000000000000E+05   0.138431450478511E+01
   0.316000000000000E+05   0.139407223696915E+01
   0.317000000000000E+05   0.139888121625911E+01
   0.318000000000000E+05   0.141396514212145E+01
   0.319000000000000E+05   0.141160262566514E+01
   0.320000000000000E+05   0.142977759575698E+01
   0.321000000000000E+05   0.143253044464127E+01
   0.322000000000000E+05   0.143811358982296E+01
   0.323000000000000E+05   0.145006772949747E+01
   0.324000000000000E+05   0.147098112836025E+01
   0.325000000000000E+05   0.147131990604955E+01
   0.326000000000000E+05   0.148649003536384E+01
   0.327000000000000E+05   0.148543484934577E+01
   0.328000000000000E+05   0.150352316170797E+01
   0.329000000000000E+05   0.151531954102254E+01
   0.330000000000000E+05   0.152296922197142E+01
   0.331000000000000E+05   0.150972305526771E+01
   0.332000000000000E+05   0.153939715744185E+01
   0.333000000000000E+05   0.155675511043670E+01
   0.334000000000000E+05   0.156615856562324E+01
   0.335000000000000E+05   0.157873239626771E+01
   0.336000000000000E+05   0.153436947935705E+01
   0.337000000000000E+05   0.158256895038134E+01
   0.338000000000000E+05   0.160234959438587E+01
   0.339000000000000E+05   0.160993328568370E+01
   0.340000000000000E+05   0.162215809967084E+01
   0.341000000000000E+05   0.165140199254550E+01
   0.342000000000000E+05   0.165193358325949E+01
   0.343000000000000E+05   0.165780007942775E+01
   0.344000000000000E+05   0.166986977900427E+01
   0.345000000000000E+05   0.169154893370744E+01
   0.346000000000000E+05   0.170217862601603E+01
   0.347000000000000E+05   0.171832924084978E+01
   0.348000000000000E+05   0.173172099533424E+01
   0.349000000000000E+05   0.174923400588728E+01
   0.350000000000000E+05   0.177582176813280E+01
   0.351000000000000E+05   0.175841277333700E+01
   0.352000000000000E+05   0.179333324327124E+01
   0.353000000000000E+05   0.179178820701203E+01
   0.354000000000000E+05   0.182743006217229E+01
   0.355000000000000E+05   0.182814210680988E+01
   0.356000000000000E+05   0.182493240687288E+01
   0.357000000000000E+05   0.185536830122746E+01
   0.358000000000000E+05   0.187750531764870E+01
   0.359000000000000E+05   0.188773653427074E+01
   0.360000000000000E+05   0.190201015286697E+01
   0.361000000000000E+05   0.190465190083457E+01
   0.362000000000000E+05   0.191888334037306E+01
   0.363000000000000E+05   0.193164857169326E+01
   0.364000000000000E+05   0.197080477467703E+01
   0.365000000000000E+05   0.194630433356311E+01
   0.366000000000000E+05   0.200375061653592E+01
   0.367000000000000E+05   0.199355862061562E+01
   0.368000000000000E+05   0.204503245403842E+01
   0.369000000000000E+05   0.199745947737666E+01
   0.370000000000000E+05   0.203270856659558E+01
   0.371000000000000E+05   0.200840210374840E+01
   0.372000000000000E+05   0.207207172284537E+01
   0.373000000000000E+05   0.210781307058620E+01
   0.374000000000000E+05   0.212767079162740E+01
   0.375000000000000E+05   0.215762484807380E+01
   0.376000000000000E+05   0.218620276937264E+01
   0.377000000000000E+05   0.220296622041899E+01
   0.378000000000000E+05   0.218757435522577E+01
   0.379000000000000E+05   0.225164567390947E+01
   0.380000000000000E+05   0.222219199147695E+01
   0.381000000000000E+05   0.224467275025904E+01
   0.382000000000000E+05   0.223188031616839E+01
   0.383000000000000E+05   0.230375228697752E+01
   0.384000000000000E+05   0.229889100129605E+01
   0.385000000000000E+05   0.234143990497239E+01
   0.386000000000000E+05   0.237266123234440E+01
   0.387000000000000E+05   0.236016896194254E+01
   0.388000000000000E+05   0.238500874769077E+01
   0.389000000000000E+05   0.240175698049354E+01
   0.390000000000000E+05   0.243952749184813E+01
   0.391000000000000E+05   0.244570091229427E+01
   0.392000000000000E+05   0.240885338158725E+01
   0.393000000000000E+05   0.249167127155732E+01
   0.394000000000000E+05   0.252162950416245E+01
   0.395000000000000E+05   0.249490873147287E+01
   0.396000000000000E+05   0.258341490962708E+01
   0.397000000000000E+05   0.257732300411975E+01
   0.398000000000000E+05   0.259772504457321E+01
   0.399000000000000E+05   0.261083319528104E+01
   0.400000000000000E+05   0.264299958188107E+01
 
 
