0  31622.7766016838
100  71993.1983766794
200  126961.243496047
300  199385.530945243
400  290536.724014366
500  400984.427303532
600  530998.877640116
700  680717.282345893
800  850213.956140453
900  1039531.52193097
1000  1248695.6670018
1100  1477722.54528961
1200  1726622.69465017
1300  1995403.21075693
1400  2284069.00517477
1500  2592623.5608593
1600  2921069.4009311
1700  3269408.38810919
1800  3637641.92099223
1900  4025771.0657412
2000  4433796.6462869
2100  4861719.30730243
2200  5309539.5589227
2300  5777257.80900144
2400  6264874.38671327
2500  6772389.56005104
2600  7299803.54895493
2700  7847116.53527434
2800  8414328.67040508
2900  9001440.08120091
3000  9608450.87459025
3100  10235361.141212
3200  10882170.9583013
3300  11548880.3919967
3400  12235489.4991974
3500  12941998.3290685
3600  13668406.9242674
3700  14414715.3219499
3800  15180923.5545995
3900  15967031.6507143
4000  16773039.6353792
4100  17598947.5307446
4200  18444755.3564287
4300  19310463.1298567
4400  20196070.8665483
4500  21101578.5803623
4600  22026986.2837053
4700  22972293.9877102
4800  23937501.7023902
4900  24922609.4367711
5000  25927617.1990055
5100  26952524.9964725
5200  27997332.8358642
5300  29062040.7232606
5400  30146648.6641959
5500  31251156.663716
5600  32375564.7264293
5700  33519872.8565518
5800  34684081.0579458
5900  35868189.3341556
6000  37072197.688438
6100  38296106.1237898
6200  39539914.6429727
6300  40803623.2485347
6400  42087231.9428296
6500  43390740.7280348
6600  44714149.6061668
6700  46057458.5790951
6800  47420667.6485551
6900  48803776.8161592
7000  50206786.0834075
7100  51629695.4516966
7200  53072504.9223284
7300  54535214.4965177
7400  56017824.1753987
7500  57520333.9600319
7600  59042743.8514092
7700  60585053.8504597
7800  62147263.958054
7900  63729374.1750088
8000  65331384.5020906
8100  66953294.9400197
8200  68595105.4894732
8300  70256816.1510884
8400  71938426.9254651
8500  73639937.8131686
8600  75361348.8147321
8700  77102659.9306584
8800  78863871.1614226
8900  80644982.5074731
9000  82445993.9692344
9100  84266905.5471077
9200  86107717.2414728
9300  87968429.0526897
9400  89849040.9810991
9500  91749553.0270246
9600  93669965.1907727
9700  95610277.4726349
9800  97570489.8728875
9900  99550602.3917936
10000  101550615.029603
10100  103570527.786553
10200  105610340.662871
10300  107670053.658771
10400  109749666.77446
10500  111849180.010132
10600  113968593.365974
10700  116107906.842164
10800  118267120.438872
10900  120446234.15626
11000  122645247.994483
11100  124864161.953688
11200  127102976.034018
11300  129361690.235608
11400  131640304.558587
11500  133938819.003079
11600  136257233.569202
11700  138595548.257071
11800  140953763.066794
11900  143331877.998475
12000  145729893.052215
12100  148147808.228109
12200  150585623.526251
12300  153043338.946727
12400  155520954.489623
12500  158018470.155021
12600  160535885.942999
12700  163073201.853632
12800  165630417.886993
12900  168207534.04315
13000  170804550.322172
13100  173421466.724123
13200  176058283.249064
13300  178714999.897055
13400  181391616.668154
13500  184088133.562417
13600  186804550.579897
13700  189540867.720644
13800  192297084.98471
13900  195073202.372141
14000  197869219.882984
14100  200685137.517283
14200  203520955.275082
14300  206376673.156422
14400  209252291.161343
14500  212147809.289884
14600  215063227.542082
14700  217998545.917974
14800  220953764.417593
14900  223928883.040975
15000  226923901.788152
15100  229938820.659155
15200  232973639.654015
15300  236028358.772761
15400  239102978.015423
15500  242197497.382027
15600  245311916.872602
15700  248446236.487172
15800  251600456.225763
15900  254774576.088399
16000  257968596.075104
16100  261182516.185901
16200  264416336.420812
16300  267670056.779858
16400  270943677.263061
16500  274237197.870441
16600  277550618.602017
16700  280883939.457808
16800  284237160.437834
16900  287610281.542111
17000  291003302.770658
17100  294416224.123491
17200  297849045.600627
17300  301301767.202082
17400  304774388.927871
17500  308266910.778009
17600  311779332.752511
17700  315311654.851391
17800  318863877.074664
17900  322435999.422342
18000  326028021.894439
18100  329639944.490967
18200  333271767.211939
18300  336923490.057367
18400  340595113.027262
18500  344286636.121637
18600  347998059.340501
18700  351729382.683866
18800  355480606.151743
18900  359251729.744142
19000  363042753.461072
19100  366853677.302544
19200  370684501.268567
19300  374535225.359149
19400  378405849.574301
19500  382296373.914031
19600  386206798.378348
19700  390137122.967259
19800  394087347.680773
19900  398057472.518897
20000  402047497.481641
20100  406057422.56901
20200  410087247.781013
20300  414136973.117657
20400  418206598.578948
20500  422296124.164893
20600  426405549.8755
20700  430534875.710774
20800  434684101.670722
20900  438853227.755351
21000  443042253.964665
21100  447251180.298671
21200  451480006.757376
21300  455728733.340784
21400  459997360.0489
21500  464285886.881732
21600  468594313.839282
21700  472922640.921558
21800  477270868.128563
21900  481638995.460303
22000  486027022.916782
22100  490434950.498006
22200  494862778.203978
22300  499310506.034704
22400  503778133.990187
22500  508265662.070432
22600  512773090.275442
22700  517300418.605223
22800  521847647.059779
22900  526414775.639112
23000  531001804.343227
23100  535608733.172128
23200  540235562.125818
23300  544882291.204301
23400  549548920.40758
23500  554235449.735659
23600  558941879.188542
23700  563668208.76623
23800  568414438.468729
23900  573180568.296041
24000  577966598.248169
24100  582772528.325115
24200  587598358.526884
24300  592444088.853478
24400  597309719.304899
24500  602195249.881152
24600  607100680.582237
24700  612026011.408159
24800  616971242.358919
24900  621936373.43452
25000  626921404.634965
25100  631926335.960256
25200  636951167.410396
25300  641995898.985387
25400  647060530.685231
25500  652145062.509931
25600  657249494.459489
25700  662373826.533907
25800  667518058.733187
25900  672682191.057332
26000  677866223.506342
26100  683070156.080222
26200  688293988.778972
26300  693537721.602594
26400  698801354.55109
26500  704084887.624463
26600  709388320.822714
26700  714711654.145845
26800  720054887.593857
26900  725418021.166753
27000  730801054.864534
27100  736203988.687202
27200  741626822.634758
27300  747069556.707205
27400  752532190.904543
27500  758014725.226774
27600  763517159.6739
27700  769039494.245923
27800  774581728.942843
27900  780143863.764663
28000  785725898.711383
28100  791327833.783005
28200  796949668.979531
28300  802591404.300961
28400  808253039.747298
28500  813934575.318542
28600  819636011.014696
28700  825357346.835759
28800  831098582.781733
28900  836859718.85262
29000  842640755.04842
29100  848441691.369136
29200  854262527.814767
29300  860103264.385316
29400  865963901.080783
29500  871844437.901169
29600  877744874.846476
29700  883665211.916704
29800  889605449.111855
29900  895565586.43193
30000  901545623.876929
30100  907545561.446854
30200  913565399.141705
30300  919605136.961484
30400  925664774.906191
30500  931744312.975828
30600  937843751.170396
30700  943963089.489895
30800  950102327.934325
30900  956261466.503689
31000  962440505.197987
31100  968639444.017219
31200  974858282.961388
31300  981097022.030492
31400  987355661.224534
31500  993634200.543513
31600  999932639.987432
31700  1006250979.55629
31800  1012589219.25009
31900  1018947359.06883
32000  1025325399.01251
32100  1031723339.08113
32200  1038141179.2747
32300  1044578919.59321
32400  1051036560.03667
32500  1057514100.60507
32600  1064011541.29841
32700  1070528882.11671
32800  1077066123.05995
32900  1083623264.12813
33000  1090200305.32127
33100  1096797246.63936
33200  1103414088.08239
33300  1110050829.65038
33400  1116707471.34332
33500  1123384013.16121
33600  1130080455.10405
33700  1136796797.17184
33800  1143533039.36459
33900  1150289181.68229
34000  1157065224.12494
34100  1163861166.69255
34200  1170677009.38512
34300  1177512752.20264
34400  1184368395.14511
34500  1191243938.21255
34600  1198139381.40494
34700  1205054724.72229
34800  1211989968.1646
34900  1218945111.73186
35000  1225920155.42409
35100  1232915099.24128
35200  1239929943.18342
35300  1246964687.25053
35400  1254019331.4426
35500  1261093875.75963
35600  1268188320.20162
35700  1275302664.76857
35800  1282436909.46049
35900  1289591054.27737
36000  1296765099.21921
36100  1303959044.28602
36200  1311172889.47779
36300  1318406634.79453
36400  1325660280.23623
36500  1332933825.8029
36600  1340227271.49453
36700  1347540617.31113
36800  1354873863.2527
36900  1362227009.31923
37000  1369600055.51073
37100  1376993001.8272
37200  1384405848.26864
37300  1391838594.83504
37400  1399291241.52642
37500  1406763788.34276
37600  1414256235.28408
37700  1421768582.35036
37800  1429300829.54161
37900  1436852976.85784
38000  1444425024.29903
38100  1452016971.86519
38200  1459628819.55633
38300  1467260567.37244
38400  1474912215.31352
38500  1482583763.37957
38600  1490275211.5706
38700  1497986559.88659
38800  1505717808.32756
38900  1513468956.89351
39000  1521240005.58442
39100  1529030954.40032
39200  1536841803.34118
39300  1544672552.40702
39400  1552523201.59784
39500  1560393750.91363
39600  1568284200.35439
39700  1576194549.92013
39800  1584124799.61085
39900  1592074949.42654
40000  1600044999.36721
