0  993.661577873048
100  831.646048873098
200  543.846275844031
300  322.807711381747
400  185.805572998708
500  105.448723038926
600  961.821931802081
700  2439.18329147394
800  1208.13446931188
900  1412.48692068818
1000  1844.04999792031
1100  1678.1334310451
1200  1901.34450894359
1300  1917.61619103022
1400  2243.01701295493
1500  4035.28473344997
1600  2046.86677772893
1700  3103.0487716271
1800  2646.87049294698
1900  2920.63042260278
2000  3716.17891784144
2100  2849.06426772483
2200  3165.67919620082
2300  3282.60138997565
2400  3804.84099357076
2500  3826.39443643483
2600  4266.71720177153
2700  3734.77037978565
2800  3919.74026225388
2900  4185.41311501215
3000  4183.05786917092
3100  3948.31862579219
3200  4266.86479440382
3300  4860.13048794523
3400  5182.77088289147
3500  4904.9714627039
3600  5238.42291786843
3700  4716.07420848352
3800  5435.68595718777
3900  5450.55081561904
4000  5461.35550027346
4100  6199.45997937769
4200  6120.31764680455
4300  5830.09459283243
4400  5219.8596528883
4500  5578.27358844977
4600  6781.90680252248
4700  5878.65831284346
4800  5429.32547776492
4900  6626.87235217492
5000  6475.56259990727
5100  5935.55243682727
5200  6003.0819855977
5300  7049.84130319018
5400  7043.96279311775
5500  6258.72740845723
5600  6392.65060768629
5700  6564.37774300562
5800  6692.93862643982
5900  7067.4536862057
6000  7142.01229680431
6100  7332.91873772884
6200  7955.33435571948
6300  8069.05105618691
6400  7282.89967389298
6500  7379.86162988096
6600  7771.63800607101
6700  7646.74550266617
6800  8100.4829086259
6900  7802.99399296146
7000  9140.970392024
7100  8197.108528089
7200  8156.69712469351
7300  8187.80012817293
7400  8428.2242798028
7500  7795.00098010301
7600  9760.61894358362
7700  8407.0288454263
7800  9348.24132625812
7900  9030.62538925454
8000  8900.5011357019
8100  8885.43718676361
8200  9185.29863575997
8300  8851.47508650928
8400  9479.98172042297
8500  9666.43557771384
8600  9566.31429768123
8700  8964.82346945019
8800  9216.41061006752
8900  9337.24260318341
9000  9819.18081591366
9100  9550.40527415018
9200  10041.1621255677
9300  9724.69516984123
9400  9552.31719829918
9500  9444.11961801933
9600  10284.1733723759
9700  10193.6703827776
9800  9804.46056814415
9900  10000.9599654325
10000  10055.57485245
10100  9869.41234564968
10200  10537.5971664677
10300  10744.393539499
10400  10576.4720466105
10500  10386.7116204863
10600  10140.9380605791
10700  10920.1263944037
10800  10341.8389693992
10900  11093.6938882236
11000  13569.0533870931
11100  11174.8876506661
11200  11391.0324554675
11300  10700.6659136456
11400  11196.2167468153
11500  10878.7560831439
11600  11259.2544853022
11700  11687.1106127065
11800  11704.3909939697
11900  11770.6990259727
12000  11349.3409552134
12100  11837.600356563
12200  11287.2084735466
12300  11747.1717937904
12400  12201.9249242185
12500  11680.3005021136
12600  11517.2598753747
12700  12162.4474950874
12800  11995.5952315308
12900  12197.0082939778
13000  12041.0456857212
13100  11678.3789844596
13200  12327.2369317463
13300  12819.128059947
13400  12140.4724737916
13500  13064.5459091679
13600  12702.2370141156
13700  12341.2013559178
13800  13008.8793880219
13900  12995.1868073152
14000  12417.7093370719
14100  12642.9921999443
14200  12991.1259518814
14300  13410.7745219939
14400  13136.6209820507
14500  13731.4634484113
14600  13099.2559789237
14700  13407.2918384177
14800  13328.654074511
14900  13337.9106869445
15000  13211.9515993108
15100  13660.9103111871
15200  14175.761921556
15300  13913.9825411727
15400  13944.906591125
15500  13654.3706740819
15600  13413.8728005955
15700  13458.5602163241
15800  13693.3543842099
15900  14500.228546807
16000  14124.2629259618
16100  13818.1779729188
16200  14365.4161496198
16300  14347.38166297
16400  14213.1842620968
16500  14805.1920268872
16600  14371.3126595581
16700  15163.8336966991
16800  14276.4687186526
16900  15114.6131690482
17000  14369.5470088927
17100  14334.1849883051
17200  14729.9775429437
17300  15174.6126936495
17400  14834.0644387152
17500  14801.1869903129
17600  15306.8227421861
17700  14765.0472962728
17800  15046.0356228365
17900  15245.2297633374
18000  15227.1382154338
18100  15497.7949302117
18200  15554.2364226581
18300  15768.1217441624
18400  15402.2604460047
18500  15561.5524667629
18600  15759.6628170676
18700  15896.9379647588
18800  15655.5765651913
18900  15400.2276044065
19000  16007.0237695266
19100  15663.3803078377
19200  16421.7450563856
19300  15691.7615306592
19400  15964.8691105933
19500  15979.2759491653
19600  16179.6028237369
19700  16196.4055998315
19800  16538.815001743
19900  16253.0857290615
20000  16144.0405771912
20100  16731.2565794848
20200  16447.6046403706
20300  16082.104922792
20400  16601.8862029287
20500  16846.1245436708
20600  16492.4486173093
20700  16678.2909512658
20800  17798.4089081773
20900  17368.4374256854
21000  17640.566691601
21100  16762.706275111
21200  17638.9879590154
21300  16809.8956130126
21400  17838.2639807725
21500  17531.7410174821
21600  17766.916940986
21700  17527.7501045681
21800  17353.7594737035
21900  17534.9786080831
22000  17694.4159581221
22100  17648.4730518022
22200  17825.4651857874
22300  17468.3039536641
22400  18039.9736570705
22500  17872.3128146379
22600  17875.5265308906
22700  18193.2418187797
22800  17690.6396587456
22900  18211.1988131062
23000  17977.3107125086
23100  17826.4641670347
23200  17996.6161529933
23300  18337.5136677729
23400  18236.4224940948
23500  18105.3277315929
23600  18902.4879125983
23700  18684.0602976197
23800  18608.0347455492
23900  18182.4746642703
24000  18509.8194628478
24100  18369.88888707
24200  18457.4223465289
24300  19094.110372023
24400  18930.02271804
24500  18559.1487760324
24600  19264.6387356753
24700  18945.3532227147
24800  19005.2948986356
24900  18888.8623696705
25000  18788.1893648106
25100  19076.2861559809
25200  19055.4772530967
25300  18852.9621608228
25400  19443.9910139541
25500  19159.3885587551
25600  19259.2590249019
25700  19572.4634115559
25800  19448.8898424258
25900  19585.9831210808
26000  19619.9182660264
26100  19525.1136186866
26200  20295.7241303168
26300  19533.1450851971
26400  19445.4518723905
26500  20211.159955034
26600  19680.4323138006
26700  20093.1419933045
26800  19945.4802086499
26900  19727.6504449109
27000  19980.9481246625
27100  20030.9822715865
27200  20335.1716946821
27300  19920.5012616011
27400  20139.6550502806
27500  20569.0951652885
27600  20038.0717158544
27700  20058.1260647541
27800  20288.1614696789
27900  20388.8311388358
28000  20618.6471120057
28100  20370.238263293
28200  21009.2580134535
28300  20490.4174287553
28400  20743.8673354512
28500  21204.4582281304
28600  21324.5722669341
28700  20835.3550362887
28800  20771.5643872852
28900  21164.1390717123
29000  21309.4499878012
29100  22477.7336298617
29200  21401.090200652
29300  21000.2824929338
29400  21100.3402449214
29500  21149.3772764606
29600  21502.4760475033
29700  21450.7617056165
29800  21277.3945520226
29900  21506.9032898269
30000  21545.9933580493
30100  21469.8174381139
30200  21631.7571496092
30300  22082.4530318439
30400  21422.9201637999
30500  21748.1533855533
30600  21839.9186996842
30700  21731.5022331089
30800  21953.7159074374
30900  21607.4201418012
31000  22015.2796472176
31100  21885.1951278395
31200  21988.1731080205
31300  22513.6595818198
31400  22027.3235400599
31500  22993.8704488905
31600  22796.1070743449
31700  22154.3874794802
31800  22375.1832134031
31900  22350.8499951884
32000  22630.1296306872
32100  22302.0528591869
32200  22511.4197034092
32300  22807.7145021314
32400  22552.8996564259
32500  22796.7886236946
32600  22790.6793374701
32700  22843.7545686212
32800  23050.1308945601
32900  22960.3699789914
33000  22853.3795868498
33100  22861.576055979
33200  23053.5022867391
33300  22871.1576774165
33400  23050.368902592
33500  22780.5260310812
33600  24138.5372302673
33700  22994.8981655303
33800  23573.382182096
33900  23363.7189440295
34000  23299.8934993377
34100  23414.279385073
34200  23397.0327665475
34300  23609.7370502769
34400  23541.9130218906
34500  23443.9351935231
34600  23506.7864946848
34700  24189.7646539047
34800  23392.8565694242
34900  23624.1208459207
35000  23793.6667393461
35100  24415.9853133196
35200  24010.9684660729
35300  23602.0594025635
35400  23837.5130716049
35500  23819.7475551411
35600  24015.9377358503
35700  24475.0241757635
35800  23844.8007777341
35900  24187.634901951
36000  24214.044022713
36100  24000.7147019068
36200  24529.0192217731
36300  24327.7475598493
36400  24386.0717820096
36500  24403.9952625339
36600  24236.2758681581
36700  24848.8364033185
36800  24612.5107337923
36900  24762.6827463033
37000  25332.3643550318
37100  25193.1586191254
37200  25470.1445779701
37300  25155.7595945929
37400  24840.5669199253
37500  24856.9928879452
37600  25064.5658574822
37700  25000.6104023939
37800  25224.2808340827
37900  24822.9328235078
38000  25671.7889501518
38100  25569.726061053
38200  25902.8476538848
38300  25468.6773604294
38400  25531.3652836542
38500  25413.5958448763
38600  25374.9432848202
38700  25636.4077315844
38800  25891.6202976575
38900  25560.2946268098
39000  25693.6842629517
39100  26079.6390755786
39200  26448.7461150079
39300  25645.9001867462
39400  25866.5213785865
39500  25942.8881005335
39600  25468.8120983814
39700  25955.072747797
39800  25828.7974820987
39900  25747.9360547488
40000  25802.6320001813
