0  100000
100  129900.0625
200  179700.25
300  249400.5625
400  339001
500  448501.5625
600  577902.25
700  727203.0625
800  896404
900  1085505.0625
1000  1294506.25
1100  1523407.5625
1200  1772209
1300  2040910.5625
1400  2329512.25
1500  2638014.0625
1600  2966416
1700  3314718.0625
1800  3682920.25
1900  4071022.5625
2000  4479025
2100  4906927.5625
2200  5354730.25
2300  5822433.0625
2400  6310036
2500  6817539.0625
2600  7344942.25
2700  7892245.5625
2800  8459449
2900  9046552.5625
3000  9653556.25
3100  10280460.0625
3200  10927264
3300  11593968.0625
3400  12280572.25
3500  12987076.5625
3600  13713481
3700  14459785.5625
3800  15225990.25
3900  16012095.0625
4000  16818100
4100  17644005.0625
4200  18489810.25
4300  19355515.5625
4400  20241121
4500  21146626.5625
4600  22072032.25
4700  23017338.0625
4800  23982544
4900  24967650.0625
5000  25972656.25
5100  26997562.5625
5200  28042369
5300  29107075.5625
5400  30191682.25
5500  31296189.0625
5600  32420596
5700  33564903.0625
5800  34729110.25
5900  35913217.5625
6000  37117225
6100  38341132.5625
6200  39584940.25
6300  40848648.0625
6400  42132256
6500  43435764.0625
6600  44759172.25
6700  46102480.5625
6800  47465689
6900  48848797.5625
7000  50251806.25
7100  51674715.0625
7200  53117524
7300  54580233.0625
7400  56062842.25
7500  57565351.5625
7600  59087761
7700  60630070.5625
7800  62192280.25
7900  63774390.0625
8000  65376400
8100  66998310.0625
8200  68640120.25
8300  70301830.5625
8400  71983441
8500  73684951.5625
8600  75406362.25
8700  77147673.0625
8800  78908884
8900  80689995.0625
9000  82491006.25
9100  84311917.5625
9200  86152729
9300  88013440.5625
9400  89894052.25
9500  91794564.0625
9600  93714976
9700  95655288.0625
9800  97615500.25
9900  99595612.5625
10000  101595625
10100  103615537.5625
10200  105655350.25
10300  107715063.0625
10400  109794676
10500  111894189.0625
10600  114013602.25
10700  116152915.5625
10800  118312129
10900  120491242.5625
11000  122690256.25
11100  124909170.0625
11200  127147984
11300  129406698.0625
11400  131685312.25
11500  133983826.5625
11600  136302241
11700  138640555.5625
11800  140998770.25
11900  143376885.0625
12000  145774900
12100  148192815.0625
12200  150630630.25
12300  153088345.5625
12400  155565961
12500  158063476.5625
12600  160580892.25
12700  163118208.0625
12800  165675424
12900  168252540.0625
13000  170849556.25
13100  173466472.5625
13200  176103289
13300  178760005.5625
13400  181436622.25
13500  184133139.0625
13600  186849556
13700  189585873.0625
13800  192342090.25
13900  195118207.5625
14000  197914225
14100  200730142.5625
14200  203565960.25
14300  206421678.0625
14400  209297296
14500  212192814.0625
14600  215108232.25
14700  218043550.5625
14800  220998769
14900  223973887.5625
15000  226968906.25
15100  229983825.0625
15200  233018644
15300  236073363.0625
15400  239147982.25
15500  242242501.5625
15600  245356921
15700  248491240.5625
15800  251645460.25
15900  254819580.0625
16000  258013600
16100  261227520.0625
16200  264461340.25
16300  267715060.5625
16400  270988681
16500  274282201.5625
16600  277595622.25
16700  280928943.0625
16800  284282164
16900  287655285.0625
17000  291048306.25
17100  294461227.5625
17200  297894049
17300  301346770.5625
17400  304819392.25
17500  308311914.0625
17600  311824336
17700  315356658.0625
17800  318908880.25
17900  322481002.5625
18000  326073025
18100  329684947.5625
18200  333316770.25
18300  336968493.0625
18400  340640116
18500  344331639.0625
18600  348043062.25
18700  351774385.5625
18800  355525609
18900  359296732.5625
19000  363087756.25
19100  366898680.0625
19200  370729504
19300  374580228.0625
19400  378450852.25
19500  382341376.5625
19600  386251801
19700  390182125.5625
19800  394132350.25
19900  398102475.0625
20000  402092500
20100  406102425.0625
20200  410132250.25
20300  414181975.5625
20400  418251601
20500  422341126.5625
20600  426450552.25
20700  430579878.0625
20800  434729104
20900  438898230.0625
21000  443087256.25
21100  447296182.5625
21200  451525009
21300  455773735.5625
21400  460042362.25
21500  464330889.0625
21600  468639316
21700  472967643.0625
21800  477315870.25
21900  481683997.5625
22000  486072025
22100  490479952.5625
22200  494907780.25
22300  499355508.0625
22400  503823136
22500  508310664.0625
22600  512818092.25
22700  517345420.5625
22800  521892649
22900  526459777.5625
23000  531046806.25
23100  535653735.0625
23200  540280564
23300  544927293.0625
23400  549593922.25
23500  554280451.5625
23600  558986881
23700  563713210.5625
23800  568459440.25
23900  573225570.0625
24000  578011600
24100  582817530.0625
24200  587643360.25
24300  592489090.5625
24400  597354721
24500  602240251.5625
24600  607145682.25
24700  612071013.0625
24800  617016244
24900  621981375.0625
25000  626966406.25
25100  631971337.5625
25200  636996169
25300  642040900.5625
25400  647105532.25
25500  652190064.0625
25600  657294496
25700  662418828.0625
25800  667563060.25
25900  672727192.5625
26000  677911225
26100  683115157.5625
26200  688338990.25
26300  693582723.0625
26400  698846356
26500  704129889.0625
26600  709433322.25
26700  714756655.5625
26800  720099889
26900  725463022.5625
27000  730846056.25
27100  736248990.0625
27200  741671824
27300  747114558.0625
27400  752577192.25
27500  758059726.5625
27600  763562161
27700  769084495.5625
27800  774626730.25
27900  780188865.0625
28000  785770900
28100  791372835.0625
28200  796994670.25
28300  802636405.5625
28400  808298041
28500  813979576.5625
28600  819681012.25
28700  825402348.0625
28800  831143584
28900  836904720.0625
29000  842685756.25
29100  848486692.5625
29200  854307529
29300  860148265.5625
29400  866008902.25
29500  871889439.0625
29600  877789876
29700  883710213.0625
29800  889650450.25
29900  895610587.5625
30000  901590625
30100  907590562.5625
30200  913610400.25
30300  919650138.0625
30400  925709776
30500  931789314.0625
30600  937888752.25
30700  944008090.5625
30800  950147329
30900  956306467.5625
31000  962485506.25
31100  968684445.0625
31200  974903284
31300  981142023.0625
31400  987400662.25
31500  993679201.5625
31600  999977641
31700  1006295980.5625
31800  1012634220.25
31900  1018992360.0625
32000  1025370400
32100  1031768340.0625
32200  1038186180.25
32300  1044623920.5625
32400  1051081561
32500  1057559101.5625
32600  1064056542.25
32700  1070573883.0625
32800  1077111124
32900  1083668265.0625
33000  1090245306.25
33100  1096842247.5625
33200  1103459089
33300  1110095830.5625
33400  1116752472.25
33500  1123429014.0625
33600  1130125456
33700  1136841798.0625
33800  1143578040.25
33900  1150334182.5625
34000  1157110225
34100  1163906167.5625
34200  1170722010.25
34300  1177557753.0625
34400  1184413396
34500  1191288939.0625
34600  1198184382.25
34700  1205099725.5625
34800  1212034969
34900  1218990112.5625
35000  1225965156.25
35100  1232960100.0625
35200  1239974944
35300  1247009688.0625
35400  1254064332.25
35500  1261138876.5625
35600  1268233321
35700  1275347665.5625
35800  1282481910.25
35900  1289636055.0625
36000  1296810100
36100  1304004045.0625
36200  1311217890.25
36300  1318451635.5625
36400  1325705281
36500  1332978826.5625
36600  1340272272.25
36700  1347585618.0625
36800  1354918864
36900  1362272010.0625
37000  1369645056.25
37100  1377038002.5625
37200  1384450849
37300  1391883595.5625
37400  1399336242.25
37500  1406808789.0625
37600  1414301236
37700  1421813583.0625
37800  1429345830.25
37900  1436897977.5625
38000  1444470025
38100  1452061972.5625
38200  1459673820.25
38300  1467305568.0625
38400  1474957216
38500  1482628764.0625
38600  1490320212.25
38700  1498031560.5625
38800  1505762809
38900  1513513957.5625
39000  1521285006.25
39100  1529075955.0625
39200  1536886804
39300  1544717553.0625
39400  1552568202.25
39500  1560438751.5625
39600  1568329201
39700  1576239550.5625
39800  1584169800.25
39900  1592119950.0625
40000  1600090000
