0  15811.3883008419
100  35996.5991883397
200  63480.6217480234
300  99692.7654726214
400  145268.362007183
500  200492.213651766
600  265499.438820058
700  340358.641172947
800  425106.978070226
900  519765.760965487
1000  624347.833500898
1100  738861.272644803
1200  863311.347325083
1300  997701.605378465
1400  1142034.50258738
1500  1296311.78042965
1600  1460534.70046555
1700  1634704.1940546
1800  1818820.96049612
1900  2012885.5328706
2000  2216898.32314345
2100  2430859.65365121
2200  2654769.77946135
2300  2888628.90450072
2400  3132437.19335664
2500  3386194.78002552
2600  3649901.77447747
2700  3923558.26763717
2800  4207164.33520254
2900  4500720.04060046
3000  4804225.43729512
3100  5117680.570606
3200  5441085.47915064
3300  5774440.19599833
3400  6117744.7495987
3500  6470999.16453425
3600  6834203.4621337
3700  7207357.66097497
3800  7590461.77729977
3900  7983515.82535714
4000  8386519.81768958
4100  8799473.76537229
4200  9222377.67821435
4300  9655231.56492835
4400  10098035.4332741
4500  10550789.2901812
4600  11013493.1418526
4700  11486146.9938551
4800  11968750.8511951
4900  12461304.7183855
5000  12963808.5995027
5100  13476262.4982363
5200  13998666.4179321
5300  14531020.3616303
5400  15073324.332098
5500  15625578.331858
5600  16187782.3632147
5700  16759936.4282759
5800  17342040.5289729
5900  17934094.6670778
6000  18536098.844219
6100  19148053.0618949
6200  19769957.3214864
6300  20401811.6242673
6400  21043615.9714148
6500  21695370.3640174
6600  22357074.8030834
6700  23028729.2895476
6800  23710333.8242776
6900  24401888.4080796
7000  25103393.0417037
7100  25814847.7258483
7200  26536252.4611642
7300  27267607.2482588
7400  28008912.0876994
7500  28760166.9800159
7600  29521371.9257046
7700  30292526.9252299
7800  31073631.979027
7900  31864687.0875044
8000  32665692.2510453
8100  33476647.4700098
8200  34297552.7447366
8300  35128408.0755442
8400  35969213.4627325
8500  36819968.9065843
8600  37680674.4073661
8700  38551329.9653292
8800  39431935.5807113
8900  40322491.2537366
9000  41222996.9846172
9100  42133452.7735538
9200  43053858.6207364
9300  43984214.5263448
9400  44924520.4905496
9500  45874776.5135123
9600  46834982.5953864
9700  47805138.7363174
9800  48785244.9364438
9900  49775301.1958968
10000  50775307.5148015
10100  51785263.8932767
10200  52805170.3314355
10300  53835026.8293857
10400  54874833.3872299
10500  55924590.0050659
10600  56984296.6829869
10700  58053953.421082
10800  59133560.219436
10900  60223117.0781299
11000  61322623.9972414
11100  62432080.9768442
11200  63551488.0170092
11300  64680845.117804
11400  65820152.2792934
11500  66969409.5015393
11600  68128616.784601
11700  69297774.1285354
11800  70476881.5333968
11900  71665938.9992375
12000  72864946.5261075
12100  74073904.1140547
12200  75292811.7631254
12300  76521669.4733635
12400  77760477.2448117
12500  79009235.0775107
12600  80267942.9714995
12700  81536600.926816
12800  82815208.9434963
12900  84103767.0215751
13000  85402275.161086
13100  86710733.3620613
13200  88029141.6245318
13300  89357499.9485276
13400  90695808.3340772
13500  92044066.7812086
13600  93402275.2899483
13700  94770433.8603221
13800  96148542.4923548
13900  97536601.1860704
14000  98934609.9414919
14100  100342568.758642
14200  101760477.637541
14300  103188336.578211
14400  104626145.580672
14500  106073904.644942
14600  107531613.771041
14700  108999272.958987
14800  110476882.208797
14900  111964441.520488
15000  113461950.894076
15100  114969410.329577
15200  116486819.827007
15300  118014179.386381
15400  119551489.007711
15500  121098748.691014
15600  122655958.436301
15700  124223118.243586
15800  125800228.112881
15900  127387288.044199
16000  128984298.037552
16100  130591258.09295
16200  132208168.210406
16300  133835028.389929
16400  135471838.63153
16500  137118598.93522
16600  138775309.301008
16700  140441969.728904
16800  142118580.218917
16900  143805140.771056
17000  145501651.385329
17100  147208112.061746
17200  148924522.800314
17300  150650883.601041
17400  152387194.463935
17500  154133455.389004
17600  155889666.376255
17700  157655827.425696
17800  159431938.537332
17900  161217999.711171
18000  163014010.947219
18100  164819972.245483
18200  166635883.605969
18300  168461745.028683
18400  170297556.513631
18500  172143318.060818
18600  173999029.670251
18700  175864691.341933
18800  177740303.075872
18900  179625864.872071
19000  181521376.730536
19100  183426838.651272
19200  185342250.634283
19300  187267612.679575
19400  189202924.787151
19500  191148186.957016
19600  193103399.189174
19700  195068561.483629
19800  197043673.840386
19900  199028736.259449
20000  201023748.74082
20100  203028711.284505
20200  205043623.890507
20300  207068486.558828
20400  209103299.289474
20500  211148062.082447
20600  213202774.93775
20700  215267437.855387
20800  217342050.835361
20900  219426613.877675
21000  221521126.982332
21100  223625590.149336
21200  225740003.378688
21300  227864366.670392
21400  229998680.02445
21500  232142943.440866
21600  234297156.919641
21700  236461320.460779
21800  238635434.064282
21900  240819497.730152
22000  243013511.458391
22100  245217475.249003
22200  247431389.101989
22300  249655253.017352
22400  251889066.995093
22500  254132831.035216
22600  256386545.137721
22700  258650209.302612
22800  260923823.529889
22900  263207387.819556
23000  265500902.171613
23100  267804366.586064
23200  270117781.062909
23300  272441145.60215
23400  274774460.20379
23500  277117724.86783
23600  279470939.594271
23700  281834104.383115
23800  284207219.234365
23900  286590284.148021
24000  288983299.124084
24100  291386264.162558
24200  293799179.263442
24300  296222044.426739
24400  298654859.65245
24500  301097624.940576
24600  303550340.291119
24700  306013005.704079
24800  308485621.179459
24900  310968186.71726
25000  313460702.317483
25100  315963167.980128
25200  318475583.705198
25300  320997949.492694
25400  323530265.342616
25500  326072531.254966
25600  328624747.229745
25700  331186913.266954
25800  333759029.366594
25900  336341095.528666
26000  338933111.753171
26100  341535078.040111
26200  344146994.389486
26300  346768860.801297
26400  349400677.275545
26500  352042443.812232
26600  354694160.411357
26700  357355827.072922
26800  360027443.796929
26900  362709010.583377
27000  365400527.432267
27100  368101994.343601
27200  370813411.317379
27300  373534778.353602
27400  376266095.452271
27500  379007362.613387
27600  381758579.83695
27700  384519747.122961
27800  387290864.471421
27900  390071931.882331
28000  392862949.355691
28100  395663916.891502
28200  398474834.489765
28300  401295702.150481
28400  404126519.873649
28500  406967287.659271
28600  409818005.507348
28700  412678673.417879
28800  415549291.390866
28900  418429859.42631
29000  421320377.52421
29100  424220845.684568
29200  427131263.907384
29300  430051632.192658
29400  432981950.540391
29500  435922218.950585
29600  438872437.423238
29700  441832605.958352
29800  444802724.555928
29900  447782793.215965
30000  450772811.938464
30100  453772780.723427
30200  456782699.570853
30300  459802568.480742
30400  462832387.453096
30500  465872156.487914
30600  468921875.585198
30700  471981544.744947
30800  475051163.967163
30900  478130733.251845
31000  481220252.598993
31100  484319722.00861
31200  487429141.480694
31300  490548511.015246
31400  493677830.612267
31500  496817100.271757
31600  499966319.993716
31700  503125489.778145
31800  506294609.625044
31900  509473679.534414
32000  512662699.506254
32100  515861669.540566
32200  519070589.63735
32300  522289459.796605
32400  525518280.018333
32500  528757050.302533
32600  532005770.649206
32700  535264441.058353
32800  538533061.529973
32900  541811632.064067
33000  545100152.660636
33100  548398623.319679
33200  551707044.041197
33300  555025414.82519
33400  558353735.671658
33500  561692006.580603
33600  565040227.552023
33700  568398398.58592
33800  571766519.682293
33900  575144590.841143
34000  578532612.062471
34100  581930583.346275
34200  585338504.692558
34300  588756376.101318
34400  592184197.572557
34500  595621969.106274
34600  599069690.70247
34700  602527362.361145
34800  605994984.082299
34900  609472555.865932
35000  612960077.712045
35100  616457549.620638
35200  619964971.591711
35300  623482343.625264
35400  627009665.721298
35500  630546937.879813
35600  634094160.100809
35700  637651332.384285
35800  641218454.730244
35900  644795527.138684
36000  648382549.609605
36100  651979522.143009
36200  655586444.738895
36300  659203317.397264
36400  662830140.118115
36500  666466912.901449
36600  670113635.747266
36700  673770308.655566
36800  677436931.626349
36900  681113504.659616
37000  684800027.755366
37100  688496500.913601
37200  692202924.13432
37300  695919297.417522
37400  699645620.76321
37500  703381894.171381
37600  707128117.642038
37700  710884291.175179
37800  714650414.770806
37900  718426488.428918
38000  722212512.149515
38100  726008485.932597
38200  729814409.778165
38300  733630283.686219
38400  737456107.656759
38500  741291881.689785
38600  745137605.785298
38700  748993279.943296
38800  752858904.163782
38900  756734478.446754
39000  760620002.792212
39100  764515477.200158
39200  768420901.670591
39300  772336276.203511
39400  776261600.798918
39500  780196875.456813
39600  784142100.177195
39700  788097274.960065
39800  792062399.805423
39900  796037474.713269
40000  800022499.683603
