0  -3521.13964953405
100  -3444.09863293011
200  -3251.83615397344
300  -2995.2965775207
400  -2666.61898430541
500  -2110.54671108689
600  -1815.13989423193
700  -2948.50198953122
800  -2602.54157384264
900  -2342.52841936054
1000  -2936.25717026754
1100  -2593.47322177207
1200  -2387.29474701517
1300  -2650.26714899255
1400  -2977.25417358169
1500  -3036.50794746071
1600  -2410.13672448858
1700  -3214.68663176237
1800  -3326.75641427375
1900  -3452.30029252761
2000  -3455.95140309274
2100  -3072.00793282272
2200  -3725.45222367132
2300  -3490.61355857384
2400  -3088.29421601397
2500  -3359.37161916832
2600  -3529.68420660194
2700  -3803.06632476702
2800  -3877.16413774664
2900  -4056.99263708571
3000  -3780.16762954243
3100  -3670.73281623974
3200  -3776.26881803742
3300  -4285.05772112281
3400  -3532.36059104736
3500  -4353.20260362648
3600  -4356.2926767795
3700  -4481.89518134872
3800  -3875.57033843955
3900  -4860.31401427297
4000  -4074.59897399444
4100  -4781.65135602925
4200  -4901.54515227247
4300  -4503.09125535265
4400  -4171.86748328142
4500  -4609.17958707407
4600  -4998.15168038418
4700  -4792.56821636313
4800  -4441.64939981732
4900  -5302.17668224134
5000  -5051.79264954231
5100  -5065.41988392293
5200  -4556.63389633396
5300  -5736.96809596862
5400  -5404.74766903284
5500  -4352.06787020568
5600  -5456.04327088612
5700  -5212.71759944076
5800  -5072.12502488462
5900  -5672.19792303716
6000  -5353.94066115567
6100  -5058.63363519336
6200  -5376.88353364231
6300  -5648.79040182879
6400  -5786.84886561836
6500  -5853.09930096386
6600  -5511.7612230782
6700  -5551.73520403501
6800  -6184.26996399954
6900  -5533.94367279985
7000  -6317.29221098739
7100  -5478.08460570258
7200  -6166.31213304702
7300  -6270.30285789154
7400  -5808.97155922444
7500  -6510.29584410614
7600  -6819.97633125779
7700  -6404.62598955539
7800  -7265.74832081913
7900  -7083.22437656719
8000  -6868.44422489285
8100  -7007.64576069613
8200  -7412.14436268358
8300  -6673.52792537683
8400  -6838.85196602391
8500  -7106.34206616382
8600  -7236.11020729313
8700  -6993.85963692212
8800  -7445.53808762195
8900  -7332.27023903361
9000  -7817.3053925947
9100  -6961.54415641935
9200  -7284.76997407251
9300  -7654.05517636597
9400  -7773.89959633161
9500  -7291.99534494269
9600  -7829.77741741365
9700  -8124.11006174172
9800  -7744.7444570641
9900  -8133.21205252744
10000  -8574.39191447459
10100  -8121.07412476113
10200  -8263.10040807736
10300  -8189.63371814221
10400  -8662.61581638911
10500  -8611.07517639502
10600  -8782.09280208468
10700  -9198.04322399922
10800  -7438.76179092973
10900  -9202.40475866216
11000  -9170.68530805383
11100  -9483.56113966721
11200  -9539.75194140831
11300  -8606.22891803274
11400  -9531.16225863669
11500  -9272.99994818334
11600  -9794.67527722158
11700  -10139.2408147235
11800  -9833.22234974148
11900  -9847.58476104735
12000  -9976.70963106674
12100  -10095.6231069664
12200  -10150.2074259406
12300  -10326.0486691663
12400  -10931.9298602351
12500  -10337.55143085
12600  -10290.01007828
12700  -11045.9962942883
12800  -10975.8758581955
12900  -11061.5557178389
13000  -10854.7158013335
13100  -11057.8292197654
13200  -11528.2653312905
13300  -11396.5730525886
13400  -11523.9174411631
13500  -11637.2890494013
13600  -11836.4289890487
13700  -11960.165669495
13800  -12106.2411592639
13900  -11757.1146585067
14000  -12018.6151485094
14100  -12483.6039348318
14200  -12684.8860595288
14300  -12230.6780162648
14400  -12471.6386993662
14500  -12815.5931005346
14600  -12850.2052014964
14700  -12888.4301542222
14800  -13031.2936021827
14900  -12027.638721341
15000  -13247.7698302467
15100  -13692.4910919518
15200  -13720.9526069615
15300  -13964.9617095592
15400  -13965.9612572946
15500  -14651.1181557697
15600  -14559.2997837563
15700  -14454.3251528252
15800  -14635.7909002899
15900  -14979.0158209537
16000  -15137.5025534912
16100  -14602.0241630141
16200  -15293.065154185
16300  -15608.9034748015
16400  -15778.9304124486
16500  -16111.9401442255
16600  -15878.771996846
16700  -16163.2139102496
16800  -15702.9542988773
16900  -16445.2307274255
17000  -16494.2348072275
17100  -16740.8965020535
17200  -16998.5272356577
17300  -17179.4494578687
17400  -17326.6132073287
17500  -17489.5073316309
17600  -17640.0377839253
17700  -17509.2999026626
17800  -18061.7758840896
17900  -17970.540291992
18000  -18546.8177656987
18100  -18326.0880497303
18200  -18428.3381705966
18300  -18638.1004711934
18400  -19072.0624912975
18500  -19293.1480196315
18600  -19520.1980218711
18700  -19294.4964790158
18800  -19329.585150249
18900  -19894.5388897829
19000  -20291.3555534658
19100  -20457.6985188356
19200  -20589.7435313603
19300  -20775.6906995549
19400  -21215.2443799924
19500  -21093.9732275791
19600  -21549.7381489002
19700  -21604.571261685
19800  -21865.8062751674
19900  -21738.2309953831
20000  -22116.3016284727
20100  -22139.3519455312
20200  -22434.791809272
20300  -22128.0883091421
20400  -22598.5166639012
20500  -23239.7170292906
20600  -23516.604154182
20700  -23208.3667436308
20800  -24011.5409412573
20900  -24048.4646159767
21000  -23766.379344521
21100  -24256.2769108709
21200  -24735.4865721532
21300  -24846.3229814182
21400  -24922.2366447842
21500  -25240.7724793729
21600  -24712.1063096293
21700  -25724.1456256389
21800  -25862.3785806406
21900  -26144.0138293014
22000  -26491.1633319214
22100  -26154.0442450666
22200  -26684.179480713
22300  -26681.561741488
22400  -27062.1207949855
22500  -27420.1720827904
22600  -27395.0070438491
22700  -27930.2666896192
22800  -27958.8858001635
22900  -28165.8527503957
23000  -28661.5266302665
23100  -28731.3060216594
23200  -29117.6010406564
23300  -29105.1314621614
23400  -28764.5602393414
23500  -29713.0546436028
23600  -30015.9800024298
23700  -30351.9219947478
23800  -30792.2674450257
23900  -30500.6567066095
24000  -30806.9298426264
24100  -30983.6138103569
24200  -31290.8337840341
24300  -31717.3901285857
24400  -31867.2531349718
24500  -31486.4513079668
24600  -32089.3377132154
24700  -32373.0780427459
24800  -32959.0677914815
24900  -32339.0244889103
25000  -32987.6503641238
25100  -33420.655486295
25200  -33968.8214840498
25300  -33702.1359253067
25400  -34416.2510654749
25500  -34503.2599528872
25600  -34598.2902089637
25700  -35076.5024113615
25800  -35009.3344248584
25900  -34811.796556703
26000  -35781.8101926714
26100  -35100.0840807017
26200  -36042.9984778763
26300  -36268.9478907288
26400  -36235.3636450942
26500  -36799.2533181732
26600  -36814.1280453418
26700  -37488.409989774
26800  -37609.7795001162
26900  -37317.5223675159
27000  -38007.2668359248
27100  -38213.1407314455
27200  -38332.3100459277
27300  -38654.2123657931
27400  -38916.6253989674
27500  -39200.2505503001
27600  -39281.8338729149
27700  -39661.1162245987
27800  -39394.235541991
27900  -40088.9261283559
28000  -40391.6589661411
28100  -40552.8835537192
28200  -40957.4292978964
28300  -40784.9127481934
28400  -41285.8567238005
28500  -41534.53514937
28600  -41454.7506481857
28700  -41830.2822964606
28800  -41815.9126638412
28900  -42351.8406123603
29000  -42381.6553251713
29100  -42361.0884143426
29200  -42840.8514239397
29300  -42730.6225163521
29400  -43220.8626671152
29500  -43420.4606401755
29600  -43705.0344159424
29700  -43855.3172061989
29800  -43847.0072321277
29900  -44118.663079977
30000  -44568.3066935698
30100  -44628.7896772428
30200  -44614.0076874875
30300  -43866.3648420853
30400  -45055.0668198195
30500  -45079.3677109442
30600  -45067.7566391101
30700  -44643.8247989235
30800  -45951.7172862238
30900  -45037.6713823984
31000  -45946.5550322048
31100  -46054.2326516296
31200  -46336.774576854
31300  -46318.6979123884
31400  -46444.1841077761
31500  -46981.8331920197
31600  -47025.7615358767
31700  -46691.0360353346
31800  -47186.1689867087
31900  -46901.2527659597
32000  -47410.5935332682
32100  -47161.8059784731
32200  -47221.5686722903
32300  -47523.7995371016
32400  -47837.7460614532
32500  -47734.1364280647
32600  -47934.5073859633
32700  -47672.4779025671
32800  -48054.8315369953
32900  -48182.6520568976
33000  -47974.964497731
33100  -47369.0510077987
33200  -48047.235435745
33300  -48110.5163883115
33400  -48195.6811521338
33500  -48060.9872315725
33600  -47346.1190218355
33700  -47686.0177072837
33800  -48205.6748835448
33900  -47862.6086788063
34000  -47826.50148531
34100  -48182.2414789106
34200  -47811.7830351643
34300  -47755.9346735365
34400  -47594.8959952246
34500  -47609.3934428702
34600  -47447.776073307
34700  -47867.0030831941
34800  -47213.6283888079
34900  -47314.0760800303
35000  -47530.5175151294
35100  -47174.7289161112
35200  -47053.6092964741
35300  -46277.0735639942
35400  -46659.9882115428
35500  -46064.4434253281
35600  -45662.1580253038
35700  -45986.9993598922
35800  -45397.8850216377
35900  -45214.6856542436
36000  -44921.2241875979
36100  -44180.8725362402
36200  -44267.8954601161
36300  -43739.2811899981
36400  -43749.8343188695
36500  -42554.7178011924
36600  -42727.3601431652
36700  -42424.0941776906
36800  -42236.3040877636
36900  -40827.9912489141
37000  -41192.0955632589
37100  -39721.5816273433
37200  -40310.2086268578
37300  -39733.4366309507
37400  -38757.973731877
37500  -38336.5196237859
37600  -37951.3144415787
37700  -37215.8611674104
37800  -36125.576438965
37900  -35511.0368395865
38000  -34929.3279064201
38100  -34097.52427118
38200  -32960.5824990217
38300  -32394.3141795826
38400  -31209.3379653812
38500  -30285.7239336317
38600  -29347.22175102
38700  -28116.4291396719
38800  -27106.2090645954
38900  -25525.0551537717
39000  -24429.3990955145
39100  -23298.723846273
39200  -21319.7304313429
39300  -19589.8256323565
39400  -18129.9199318449
39500  -15178.5276688301
39600  -13177.2517237104
39700  -10951.5040188006
39800  -8465.80995810473
39900  -5769.03310275375
40000  -3481.41368156917
