0  0
100  -95.3409697432417
200  -378.034939520324
300  -835.645656480705
400  -1433.45116492567
500  -2018.83747942614
600  -3121.12643288192
700  -5455.70666239011
800  -6873.46832410087
900  -8615.9646953051
1000  -11124.6115126232
1100  -13036.6186472179
1200  -14094.6585276075
1300  -19127.7784397796
1400  -21686.0202259796
1500  -26703.4417800751
1600  -28589.6078072977
1700  -33847.4343749834
1800  -37439.4714246009
1900  -41794.180539014
2000  -46594.5525603226
2100  -47887.0618978475
2200  -57392.7552060953
2300  -61202.2130377946
2400  -65987.0925834811
2500  -74549.063869328
2600  -76408.7182157148
2700  -86401.6633367304
2800  -95018.4263113665
2900  -100133.833487304
3000  -106119.156872906
3100  -111159.061853641
3200  -120736.432217719
3300  -131685.253571523
3400  -132178.817909316
3500  -150195.997247905
3600  -157621.085882838
3700  -165478.42713788
3800  -167003.516641245
3900  -188373.02194595
4000  -188686.294493712
4100  -205537.264837711
4200  -217231.745420451
4300  -223411.761909847
4400  -229735.703029837
4500  -248183.486709616
4600  -261564.975852027
4700  -271118.851074012
4800  -279160.593032374
4900  -301077.505529716
5000  -310018.48450683
5100  -321447.340197401
5200  -327810.758616526
5300  -356904.595898906
5400  -364131.904776507
5500  -366424.948384585
5600  -393543.261106286
5700  -401055.283807148
5800  -414710.500666724
5900  -437364.673911415
6000  -446929.431408443
6100  -455514.435387605
6200  -475505.465164154
6300  -502016.450004773
6400  -521543.134413942
6500  -534979.589835485
6600  -542617.440525077
6700  -562651.544801725
6800  -587173.175529637
6900  -599671.698948571
7000  -626574.089261257
7100  -624494.720670048
7200  -655053.634141095
7300  -677494.919518956
7400  -686686.976841375
7500  -719368.190536348
7600  -746790.236184262
7700  -747298.748080592
7800  -792290.66575128
7900  -806196.999963281
8000  -825142.792663316
8100  -845400.285691123
8200  -875661.927360516
8300  -878089.556187224
8400  -906121.567577393
8500  -926306.210265056
8600  -954452.050123807
8700  -975140.596578325
8800  -1004239.24577433
8900  -1024162.67996868
9000  -1059214.61389336
9100  -1052673.87621461
9200  -1092971.64711883
9300  -1129817.94921428
9400  -1160932.84579257
9500  -1171339.13615069
9600  -1193859.52600148
9700  -1224647.11236468
9800  -1250964.75937412
9900  -1277311.39193688
10000  -1317573.61553093
10100  -1332493.65476979
10200  -1362983.8091545
10300  -1392700.11174328
10400  -1421764.63610208
10500  -1446515.46171268
10600  -1482767.31623556
10700  -1515079.52326207
10800  -1507609.7538267
10900  -1565729.74903646
11000  -1602791.43177545
11100  -1637638.0949466
11200  -1660443.35930374
11300  -1663189.46214156
11400  -1716604.02668583
11500  -1735893.56898444
11600  -1786003.2147292
11700  -1821045.07842598
11800  -1845576.63451278
11900  -1864524.62243859
12000  -1904223.87944067
12100  -1946861.85177501
12200  -1978209.92168672
12300  -2024655.31982424
12400  -2059635.66133554
12500  -2070364.41820762
12600  -2104309.70643645
12700  -2165481.02353903
12800  -2193414.21295955
12900  -2223034.92544123
13000  -2269333.37969454
13100  -2294740.9839999
13200  -2337136.29766407
13300  -2360326.80175797
13400  -2410764.19389772
13500  -2453325.45578182
13600  -2486344.80960861
13700  -2523715.49991088
13800  -2558182.69529819
13900  -2593396.01018239
14000  -2623067.53006647
14100  -2692529.97938587
14200  -2724661.62398706
14300  -2716920.51670965
14400  -2773718.59642205
14500  -2829951.73973377
14600  -2868151.87944218
14700  -2911040.93420911
14800  -2947716.67110438
14900  -2985000.94150221
15000  -3050674.17645052
15100  -3085365.5704474
15200  -3120367.0995074
15300  -3177616.01474577
15400  -3205509.55249409
15500  -3282012.20558001
15600  -3313452.1264814
15700  -3337090.08070775
15800  -3393781.87737761
15900  -3442884.93203137
16000  -3483978.90441349
16100  -3510318.04009899
16200  -3575541.2904531
16300  -3636007.54240513
16400  -3674925.99332716
16500  -3727389.88866319
16600  -3758753.11075752
16700  -3821019.94681553
16800  -3846381.5786171
16900  -3894267.40616278
17000  -3962180.9399933
17100  -4012254.49878538
17200  -4056662.07387282
17300  -4124875.58347131
17400  -4172945.27104002
17500  -4228982.25570437
17600  -4272264.72221181
17700  -4309437.42156436
17800  -4377720.33391876
17900  -4424058.57377833
18000  -4469346.96020671
18100  -4488598.65764749
18200  -4552107.23081269
18300  -4605151.37002917
18400  -4660602.76410462
18500  -4733637.57731877
18600  -4790159.63385268
18700  -4825013.48414044
18800  -4839066.29764097
18900  -4944186.69361906
19000  -5002227.09962083
19100  -5051326.51116551
19200  -5107927.21872599
19300  -5173459.1830581
19400  -5244464.03736013
19500  -5288500.96156285
19600  -5359563.57685839
19700  -5410467.02806694
19800  -5457100.82268762
19900  -5514900.30576569
20000  -5565993.26790265
20100  -5614877.0316185
20200  -5682949.90273224
20300  -5747657.56873422
20400  -5779970.98533497
20500  -5874187.39931058
20600  -5929159.13566046
20700  -5978787.71594775
20800  -6058527.52957743
20900  -6115186.19646405
21000  -6128476.90995384
21100  -6206556.94170575
21200  -6306157.55082788
21300  -6350347.60599475
21400  -6397265.18447088
21500  -6481685.96133957
21600  -6503153.07138251
21700  -6610011.70926518
21800  -6673328.48650469
21900  -6711892.38432071
22000  -6797748.79117155
22100  -6840839.54392445
22200  -6915617.44131981
22300  -6984685.45169168
22400  -7079466.38743639
22500  -7128683.2173492
22600  -7204157.87647744
22700  -7269766.62422477
22800  -7324796.15027237
22900  -7396986.0691326
23000  -7473634.67525448
23100  -7521656.71286621
23200  -7609532.48890102
23300  -7646381.6742549
23400  -7739692.88828957
23500  -7844901.34169883
23600  -7887145.14529986
23700  -7962527.22223572
23800  -8059768.81081653
23900  -8063249.48446529
24000  -8147581.40508091
24100  -8250271.12740051
24200  -8304416.21953533
24300  -8382150.16749705
24400  -8465308.47174457
24500  -8456681.24827274
24600  -8588201.45753652
24700  -8698735.41853139
24800  -8750311.25908592
24900  -8806684.93611353
25000  -8877656.10106971
25100  -8973496.22652748
25200  -9069882.87507946
25300  -9087911.6923524
25400  -9219004.86945652
25500  -9269351.65128306
25600  -9335254.42580804
25700  -9438826.09111786
25800  -9505777.94769515
25900  -9590327.545669
26000  -9653695.42088794
26100  -9713730.82514051
26200  -9839653.01558683
26300  -9880413.68870164
26400  -9956919.50765387
26500  -10049377.3311619
26600  -10145608.7765836
26700  -10249854.7822781
26800  -10302686.7262759
26900  -10370953.0671737
27000  -10477208.0088515
27100  -10545519.3658026
27200  -10602556.2205542
27300  -10709898.6535409
27400  -10773088.1261824
27500  -10907350.918267
27600  -10952424.8442529
27700  -11070883.1644789
27800  -11095213.1289071
27900  -11224917.9288539
28000  -11319923.7783121
28100  -11409784.886465
28200  -11490809.5521333
28300  -11557520.8028133
28400  -11668853.9697174
28500  -11767686.1185619
28600  -11797943.4202357
28700  -11929978.6580454
28800  -11992862.6508708
28900  -12115416.3800451
29000  -12185100.2623955
29100  -12239141.9516537
29200  -12389919.2843609
29300  -12446583.4415399
29400  -12572908.0888562
29500  -12656556.3813475
29600  -12735303.39319
29700  -12812859.0459555
29800  -12880746.6264814
29900  -13013016.9983744
30000  -13125896.3272387
30100  -13206361.621092
30200  -13267257.6157757
30300  -13322165.9289648
30400  -13484409.9303162
30500  -13568641.3115228
30600  -13659840.3555362
30700  -13752942.979448
30800  -13876456.2352811
30900  -13900649.0147471
31000  -14046642.8701398
31100  -14182525.353421
31200  -14257041.6751884
31300  -14333083.1005096
31400  -14484126.3954625
31500  -14561959.0822683
31600  -14639876.223926
31700  -14712680.840041
31800  -14857827.8002139
31900  -14921675.0016555
32000  -15057532.4913284
32100  -15115190.8673734
32200  -15235069.2771131
32300  -15361414.4766483
32400  -15468324.2699844
32500  -15569768.3187885
32600  -15641764.8998449
32700  -15689604.4353824
32800  -15888670.300323
32900  -16006311.3937656
33000  -16081087.1501796
33100  -16114198.9673546
33200  -16299818.8648313
33300  -16389669.7670042
33400  -16498536.9509695
33500  -16603856.3522579
33600  -16581173.5596279
33700  -16837530.8261124
33800  -16922833.7418271
33900  -17028068.7458382
34000  -17152163.5826503
34100  -17260322.6509584
34200  -17347242.1146772
34300  -17447795.1959173
34400  -17614445.7968686
34500  -17684150.7832401
34600  -17759451.0824208
34700  -17950170.8720204
34800  -18018032.1136805
34900  -18154495.8287112
35000  -18307664.4318347
35100  -18396739.1345219
35200  -18531300.0580893
35300  -18607792.8439268
35400  -18747955.5616692
35500  -18837433.4463127
35600  -18908298.5790548
35700  -19089491.496227
35800  -19137350.5902174
35900  -19323801.2918011
36000  -19418798.3103806
36100  -19477507.6171234
36200  -19656618.7451139
36300  -19770672.5353099
36400  -19925894.2729217
36500  -20017818.6461576
36600  -20158398.5061839
36700  -20251781.5284106
36800  -20434946.4574321
36900  -20468259.9431925
37000  -20630170.9582414
37100  -20596285.1310019
37200  -20903404.7756813
37300  -21037204.5155597
37400  -21150988.0257816
37500  -21279403.9055053
37600  -21456805.3655314
37700  -21584327.1155919
37800  -21664698.9562426
37900  -21818715.4064647
38000  -21916041.9215887
38100  -22084014.0997546
38200  -22136270.9182793
38300  -22371094.081655
38400  -22475261.1064315
38500  -22624605.5256545
38600  -22758048.6043044
38700  -22898688.5433311
38800  -23057514.2777232
38900  -23167245.0804339
39000  -23312082.3963364
39100  -23497604.3661543
39200  -23606926.277642
39300  -23708091.0076093
39400  -23934108.2584964
39500  -23998815.8990505
39600  -24243525.3823896
39700  -24464112.3477371
39800  -24625473.0502718
39900  -24802116.3603188
40000  -25000124.7070377
