0  1.1099542303346e-07
100  7.23564114751535e-08
200  4.27606345303954e-08
300  2.44652446443657e-08
400  1.37322998620831e-08
500  1.24077754685631e-07
600  3.2914464905195e-07
700  1.59575260961886e-07
800  1.85162393108651e-07
900  2.46901508886554e-07
1000  2.2171803349383e-07
1100  2.52593898098117e-07
1200  2.55012293817375e-07
1300  3.00239011575249e-07
1400  5.06085848661095e-07
1500  2.72329920355365e-07
1600  4.67273490437956e-07
1700  3.60248809161741e-07
1800  4.00802735332774e-07
1900  3.95841562852066e-07
2000  3.88569458468043e-07
2100  4.39171942244276e-07
2200  4.57485360252721e-07
2300  5.40233252693529e-07
2400  5.66742117657125e-07
2500  7.41052202901167e-07
2600  5.48078203357497e-07
2700  5.62464281301774e-07
2800  6.67413875934242e-07
2900  5.19793472560973e-07
3000  5.83098081571547e-07
3100  5.62843337338946e-07
3200  6.75289923528665e-07
3300  5.52206748795006e-07
3400  6.62327055985454e-07
3500  7.48972359528077e-07
3600  7.12904469795503e-07
3700  7.4781563058314e-07
3800  7.84091852152271e-07
3900  6.69273803433485e-07
4000  7.90523189736709e-07
4100  9.49797859898696e-07
4200  7.78894651572131e-07
4300  8.06277549939958e-07
4400  7.91630895958499e-07
4500  8.56395457793785e-07
4600  7.98194634344132e-07
4700  8.18605695862904e-07
4800  8.35323932735742e-07
4900  8.90865316727228e-07
5000  9.27469270887165e-07
5100  9.3432507755869e-07
5200  9.83025547998535e-07
5300  9.19949821155812e-07
5400  8.93644163015112e-07
5500  9.33861072258108e-07
5600  9.17491208293361e-07
5700  1.0937534516772e-06
5800  9.2749866202997e-07
5900  9.80362735678939e-07
6000  9.28360314896127e-07
6100  1.06192916473173e-06
6200  1.07486380590027e-06
6300  1.04758456407494e-06
6400  1.18593680850275e-06
6500  1.04595318487163e-06
6600  1.09456219804949e-06
6700  1.0429512751837e-06
6800  1.13069810449054e-06
6900  1.11086522158837e-06
7000  1.11010212110404e-06
7100  1.1131596847158e-06
7200  1.23516137452421e-06
7300  1.30943595432062e-06
7400  1.12783925584016e-06
7500  1.17233989519784e-06
7600  1.39789490703626e-06
7700  1.15905270473947e-06
7800  1.27859038174955e-06
7900  1.2347698145752e-06
8000  1.16580557368356e-06
8100  1.23644956782486e-06
8200  1.3453385247231e-06
8300  1.24586973154595e-06
8400  1.33277556882144e-06
8500  1.38595905363864e-06
8600  1.32018403434928e-06
8700  1.39095348676285e-06
8800  1.43171236852396e-06
8900  1.39248389437179e-06
9000  1.37695290279804e-06
9100  1.40120885931996e-06
9200  1.41496266523071e-06
9300  1.37227446347043e-06
9400  1.3808203045653e-06
9500  1.38720194353929e-06
9600  1.4243867290946e-06
9700  1.42661807649357e-06
9800  1.50228083236988e-06
9900  1.46672746595752e-06
10000  1.49494219122341e-06
10100  1.49952712000759e-06
10200  1.50624617320475e-06
10300  1.51851750201525e-06
10400  1.52434781831228e-06
10500  1.52135568188609e-06
10600  1.62354870205149e-06
10700  1.60921194626212e-06
10800  1.5851702643006e-06
10900  1.62196049628374e-06
11000  1.57242335868166e-06
11100  1.60600779143511e-06
11200  1.64809727397936e-06
11300  1.64741167012426e-06
11400  1.82749396722464e-06
11500  1.69020591977521e-06
11600  1.73355977661138e-06
11700  1.80860386150896e-06
11800  1.7500002064949e-06
11900  1.79072890410345e-06
12000  1.75872086288144e-06
12100  1.80662528851306e-06
12200  1.79595989322295e-06
12300  1.77288389670211e-06
12400  1.82354743098197e-06
12500  1.79330937734567e-06
12600  1.81641149262676e-06
12700  1.86518788756112e-06
12800  1.94556433099031e-06
12900  1.88566460282384e-06
13000  1.92062852002187e-06
13100  1.97426794073127e-06
13200  1.91184722379928e-06
13300  1.93698090449334e-06
13400  1.98023964780147e-06
13500  2.15957591057535e-06
13600  2.02338778433471e-06
13700  2.07511223301187e-06
13800  2.08525373368e-06
13900  2.02220318047065e-06
14000  2.11658732826692e-06
14100  2.13105611639922e-06
14200  2.11912467689988e-06
14300  2.18386517516218e-06
14400  2.12378398431102e-06
14500  2.11713399182016e-06
14600  2.28951159526134e-06
14700  2.16952404981397e-06
14800  2.16229757176109e-06
14900  2.24859093233165e-06
15000  2.24873970966534e-06
15100  2.30765560596743e-06
15200  2.31283276515881e-06
15300  2.4429127827748e-06
15400  2.32790459407406e-06
15500  2.2973672507528e-06
15600  2.27916360221874e-06
15700  2.37946459321722e-06
15800  2.40540467208873e-06
15900  2.42985788101956e-06
16000  2.40075374279252e-06
16100  2.39218852282393e-06
16200  2.33528682468689e-06
16300  2.49405372716782e-06
16400  2.48864461911912e-06
16500  2.60448718196792e-06
16600  2.61366422029967e-06
16700  2.53911977538166e-06
16800  2.58905448974842e-06
16900  2.62184269597701e-06
17000  2.6118663407403e-06
17100  2.61785050040467e-06
17200  2.71877644448117e-06
17300  2.81892765884492e-06
17400  2.70309943872032e-06
17500  2.73056497737333e-06
17600  2.69974794039008e-06
17700  2.73763375268364e-06
17800  2.80696697431336e-06
17900  2.75002292091949e-06
18000  2.9188370477001e-06
18100  2.91420645412e-06
18200  2.8829103892023e-06
18300  2.86760740331865e-06
18400  2.94291588254393e-06
18500  2.9030098127386e-06
18600  3.03299656133412e-06
18700  2.91039519800751e-06
18800  3.1103624679874e-06
18900  2.95915530313325e-06
19000  3.0228650056256e-06
19100  3.13089992358973e-06
19200  3.06153577908532e-06
19300  3.17343748229836e-06
19400  3.16303171912972e-06
19500  3.21261837162896e-06
19600  3.27002783101006e-06
19700  3.32219255689198e-06
19800  3.31988299008484e-06
19900  3.45248928289092e-06
20000  3.38600779217549e-06
20100  3.33411812521832e-06
20200  3.36354910881614e-06
20300  3.42022523365287e-06
20400  3.55809649852103e-06
20500  3.47316372263312e-06
20600  3.61280694409801e-06
20700  3.66686292412828e-06
20800  3.63194693666425e-06
20900  3.66780920531586e-06
21000  3.651924241106e-06
21100  3.76270500578709e-06
21200  3.67276867514604e-06
21300  3.69120754766798e-06
21400  4.07516652850381e-06
21500  3.84603062077992e-06
21600  3.91109461525864e-06
21700  3.96771622005078e-06
21800  4.05074182672609e-06
21900  4.11568698387834e-06
22000  3.94742575802731e-06
22100  3.97595908593738e-06
22200  4.1296057307046e-06
22300  4.18183358641156e-06
22400  4.24542822663726e-06
22500  4.11630827582646e-06
22600  4.21697736578479e-06
22700  4.28858609545767e-06
22800  4.3739168022944e-06
22900  4.27232343370964e-06
23000  4.33495788197039e-06
23100  4.47163180634775e-06
23200  4.5429927864301e-06
23300  4.65659746454298e-06
23400  4.47573352251494e-06
23500  4.67546713055582e-06
23600  4.54394692595557e-06
23700  4.65465561401199e-06
23800  4.72765383046447e-06
23900  4.71552621087158e-06
24000  4.76926335813631e-06
24100  4.79034223190271e-06
24200  4.89668635760763e-06
24300  5.02294036485245e-06
24400  4.96722378035463e-06
24500  4.93406413953822e-06
24600  5.11936529617008e-06
24700  5.11820159657947e-06
24800  5.30282301109699e-06
24900  5.27309625713035e-06
25000  5.25800369569959e-06
25100  5.31583554332253e-06
25200  5.43151911777554e-06
25300  5.58402159255952e-06
25400  5.55939011784126e-06
25500  5.71137928345022e-06
25600  5.77394485272299e-06
25700  5.71128344439448e-06
25800  5.82667263896449e-06
25900  5.87172382998174e-06
26000  5.87554469000039e-06
26100  5.9186257169036e-06
26200  5.99339458168532e-06
26300  5.91538562066042e-06
26400  6.10864010983094e-06
26500  6.06136898907459e-06
26600  6.32581402452434e-06
26700  6.32685104035799e-06
26800  6.34370765572576e-06
26900  6.43787463783295e-06
27000  6.51094908614297e-06
27100  6.69645487903477e-06
27200  6.57215574415948e-06
27300  6.54009229027111e-06
27400  6.58266149687223e-06
27500  6.71105523313773e-06
27600  6.52842816646934e-06
27700  7.08473018332158e-06
27800  6.99444828126858e-06
27900  7.02014519081474e-06
28000  6.98341740593463e-06
28100  7.40350545689967e-06
28200  7.21445933061924e-06
28300  7.31863571436898e-06
28400  7.40744051805126e-06
28500  7.58900514842272e-06
28600  7.48377441145866e-06
28700  7.62811161708374e-06
28800  7.59877470694923e-06
28900  7.95124256452963e-06
29000  7.7965575717024e-06
29100  7.87662172742635e-06
29200  7.74754720519673e-06
29300  7.74083130864428e-06
29400  7.98632021802166e-06
29500  8.20961157150038e-06
29600  8.3920046634018e-06
29700  8.49694737762344e-06
29800  8.29314675459966e-06
29900  8.33283001729706e-06
30000  8.40367013430664e-06
30100  8.73148915076929e-06
30200  8.78717777341142e-06
30300  8.8097532714417e-06
30400  8.77917898061569e-06
30500  8.89373505329626e-06
30600  8.77948200650608e-06
30700  9.04799878697058e-06
30800  9.10733969331563e-06
30900  8.96749580527556e-06
31000  9.10607987733094e-06
31100  8.65801821094617e-06
31200  9.04816774637526e-06
31300  9.16474935326397e-06
31400  9.49048439683103e-06
31500  9.48331235843986e-06
31600  9.60325950967525e-06
31700  9.41587136169856e-06
31800  9.32024604082782e-06
31900  9.50508471566899e-06
32000  9.5836306799208e-06
32100  9.59759980206054e-06
32200  9.76523587579685e-06
32300  9.78682512160617e-06
32400  9.69524123038331e-06
32500  9.86243705864241e-06
32600  1.00385712008832e-05
32700  9.92502606319315e-06
32800  9.95985573228482e-06
32900  9.95075919253745e-06
33000  9.93460114001419e-06
33100  9.92629665865503e-06
33200  1.01122055369604e-05
33300  1.0051661831868e-05
33400  1.01459620449125e-05
33500  1.0182383976567e-05
33600  1.02045783404042e-05
33700  1.00766283653348e-05
33800  9.94432134562833e-06
33900  1.00409145920875e-05
34000  1.0270105195794e-05
34100  9.9848275814074e-06
34200  1.02234105445726e-05
34300  1.01828635152209e-05
34400  1.01547790645844e-05
34500  1.02151683114399e-05
34600  9.96997394284128e-06
34700  9.96500959510899e-06
34800  9.95270419475999e-06
34900  9.81676621706817e-06
35000  9.7745932862286e-06
35100  9.84537549409722e-06
35200  9.93156485318272e-06
35300  9.6573273024531e-06
35400  9.65673219995068e-06
35500  9.56575188886758e-06
35600  9.51183527288325e-06
35700  9.49247060840179e-06
35800  9.52116654604804e-06
35900  9.36808621739048e-06
36000  9.19965885280046e-06
36100  9.18866767646754e-06
36200  8.93819372781025e-06
36300  9.24757355463325e-06
36400  8.97279933651202e-06
36500  8.76093381166156e-06
36600  8.88744243594876e-06
36700  8.66254708592103e-06
36800  8.58704620335834e-06
36900  8.40661268627946e-06
37000  8.21767913160948e-06
37100  8.1411937591329e-06
37200  7.76151752747481e-06
37300  7.93852373161729e-06
37400  7.73247170787177e-06
37500  7.48449505026518e-06
37600  7.31428473595145e-06
37700  7.00816798755376e-06
37800  7.1596372986687e-06
37900  6.97601902458562e-06
38000  6.78474043933664e-06
38100  6.63910403355638e-06
38200  6.50290412557557e-06
38300  6.32884993190031e-06
38400  6.27339960921777e-06
38500  6.03654630331212e-06
38600  5.93962037821984e-06
38700  5.69680347589431e-06
38800  5.46910719323457e-06
38900  5.27439954368132e-06
39000  5.17434040195699e-06
39100  4.93976674326734e-06
39200  4.74378072476691e-06
39300  4.60382122618363e-06
39400  4.3823040683449e-06
39500  4.15633940188206e-06
39600  3.94586301062718e-06
39700  3.6940145008277e-06
39800  3.51416706607719e-06
39900  3.28622425551804e-06
40000  3.16548487664603e-06
