0  -860.373736745864
100  -840.140373035164
200  -776.132711359561
300  -654.383724487995
400  -434.559976733908
500  69.6656093523827
600  142.464364703757
700  -971.961684926213
800  -707.12266783423
900  -602.225748470154
1000  -1155.73106435883
1100  -970.807532106479
1200  -1073.28750014551
1300  -900.969249158618
1400  -1381.31580618237
1500  -977.074918352088
1600  -762.092003783777
1700  -1341.1510555364
1800  -1562.72635995174
1900  -1670.75022642032
2000  -1634.88586456961
2100  -1702.23240098653
2200  -1753.62909493143
2300  -1660.32185392394
2400  -1301.00123568227
2500  -1235.52671879932
2600  -1855.23499394568
2700  -1685.14837604074
2800  -1527.22694686952
2900  -1832.15553321469
3000  -1620.13760630264
3100  -1656.97279775427
3200  -1519.84469887561
3300  -1708.25146615421
3400  -1498.95194524094
3500  -1496.08055281041
3600  -1536.45204425703
3700  -1658.80146696155
3800  -1488.28318630566
3900  -1582.84946956355
4000  -1345.80077791237
4100  -1486.53608344908
4200  -1415.32759282041
4300  -1178.14430117932
4400  -979.121786601187
4500  -878.182861168973
4600  -1050.20637779041
4700  -815.156264261984
4800  -530.593244999525
4900  -748.790489016258
5000  -537.490832850542
5100  -454.056875666646
5200  -96.5570342320771
5300  -377.031577695141
5400  -179.165494378923
5500  528.80173747777
5600  177.278461602465
5700  312.821780779845
5800  596.26376515427
5900  520.872299291994
6000  791.40246863491
6100  1037.67499760827
6200  1127.61168107336
6300  1450.76020470237
6400  1667.87258808969
6500  1681.44409998716
6600  1947.28128985293
6700  2264.3908063769
6800  2142.33669355482
6900  2830.36122936217
7000  2636.18277236019
7100  3086.12719218115
7200  3052.39428310976
7300  3352.71569657239
7400  3792.04038723068
7500  3788.46450936746
7600  3994.99511944824
7700  4169.7681961048
7800  4318.53409734108
7900  4632.02378894232
8000  5100.85559403153
8100  5285.43871633178
8200  5464.02372660574
8300  6009.08071131843
8400  6355.80245925319
8500  6403.73189243623
8600  6787.68858152146
8700  7334.55434025632
8800  7431.01266053943
8900  7824.63631764375
9000  7995.08738281299
9100  8536.3794249569
9200  8973.50326316835
9300  9293.43689295136
9400  9764.42210155842
9500  10298.7308839532
9600  10163.7185185697
9700  10416.781126255
9800  11184.4710028258
9900  11279.709628744
10000  11593.7564878917
10100  12245.3742454498
10200  12638.592793532
10300  13242.1763682154
10400  13263.2461697256
10500  13726.885397674
10600  14203.2879914441
10700  14362.5848239688
10800  15865.0126239198
10900  15240.6886399774
11000  15930.5037621986
11100  16233.8566983103
11200  16581.424368713
11300  17530.8793580475
11400  17571.1152142352
11500  18141.3767422599
11600  18499.4016145188
11700  18781.8658620953
11800  19496.705582197
11900  19856.7736912222
12000  20428.3953421819
12100  21066.1863786378
12200  21554.7224908043
12300  22183.6906614526
12400  22237.5210452331
12500  23035.9425775326
12600  23700.8124450293
12700  23960.0171333149
12800  24540.9804892168
12900  24981.5957574242
13000  25970.3453551783
13100  26225.8056389388
13200  26500.3763227676
13300  27083.3552329347
13400  27797.7595595155
13500  28401.3223060736
13600  28812.0084549229
13700  29346.9714847379
13800  29832.9762562646
13900  30770.6749999259
14000  31099.8064717264
14100  31720.6560940371
14200  32115.1630362524
14300  32663.51371281
14400  33327.5530317536
14500  33876.1609257058
14600  34515.9110754323
14700  35217.966384707
14800  35705.4014754156
14900  37368.0766033464
15000  37157.4316959711
15100  37343.8098685891
15200  37950.9998692617
15300  38605.0162248723
15400  39162.7915841868
15500  39596.6918323741
15600  40268.0314464736
15700  40883.4142315383
15800  41567.1268217935
15900  42038.6606096233
16000  42599.6955016287
16100  43649.8905474521
16200  43945.97728796
16300  44554.9573150946
16400  45077.2739254206
16500  45581.9817444745
16600  46370.3250941458
16700  46979.2547693565
16800  47918.8825469687
16900  47955.3531934939
17000  48837.4991280564
17100  49337.9695829231
17200  49795.3037710815
17300  50574.4105572031
17400  51211.0315552908
17500  51875.6596287821
17600  52436.4775637955
17700  53165.03796273
17800  53536.9779760227
17900  54277.8256335985
18000  54388.3842611659
18100  55037.5272643267
18200  55812.9129245657
18300  56428.040363367
18400  56794.5611213024
18500  57471.0546115105
18600  57963.3883075876
18700  58684.1659630559
18800  59042.1166367185
18900  59736.3775776223
19000  60160.93689425
19100  60649.6642660946
19200  61180.2189572115
19300  61749.7589990419
19400  62182.5727740192
19500  62955.8553990522
19600  63372.2476595589
19700  63883.6809536945
19800  64173.5826690071
19900  64997.4368098308
20000  65343.5251318725
20100  65916.5322560735
20200  66282.7792115408
20300  67237.2367692259
20400  67278.3515298385
20500  67673.1052469082
20600  67907.8252394499
20700  68654.0244015616
20800  68752.084396251
20900  69362.793633808
21000  69780.6367492135
21100  69962.110689967
21200  70487.7362773886
21300  70832.4168589384
21400  71061.801882991
21500  71499.214411266
21600  72348.7719468814
21700  72139.2813298311
21800  72473.6647760542
21900  72692.7493964954
22000  72941.2353222006
22100  73469.476652695
22200  73653.0280083485
22300  74080.7144907808
22400  74271.6687003871
22500  74401.4630157096
22600  74840.3836131966
22700  74605.1205453374
22800  75059.9942966386
22900  75121.7481792472
23000  75076.7383781725
23100  75345.9169031299
23200  75211.4548929951
23300  75502.8010409561
23400  76221.7211511674
23500  75739.3033109743
23600  75669.8762502849
23700  75382.126461541
23800  75576.3746447092
23900  75438.5829836392
24000  75491.9763751095
24100  75694.2591204906
24200  75279.227989385
24300  75225.8754179286
24400  74959.2345658093
24500  75157.3903116658
24600  74679.0409005234
24700  74930.7247808722
24800  73954.1884882987
24900  74675.2799297348
25000  73677.3756113488
25100  73608.9383592928
25200  72782.0884592996
25300  72874.7601189569
25400  72019.3569803478
25500  71905.2000362145
25600  71211.7997813104
25700  70905.7643969704
25800  70431.1116979627
25900  70426.0004285039
26000  69127.4804321537
26100  69026.7711045436
26200  68327.1098850494
26300  67072.0216605087
26400  66884.3733771054
26500  65799.6995923218
26600  65155.7186677851
26700  64376.7936968003
26800  63111.3657935968
26900  62797.8607762856
27000  61713.3580362198
27100  60305.8297794064
27200  59547.616881417
27300  58585.985039682
27400  56987.5363395837
27500  56327.2184847736
27600  55196.5080549362
27700  53610.2705998895
27800  52607.4433797063
27900  51366.7246164112
28000  49693.9025173995
28100  48133.3109776049
28200  46785.4534338281
28300  45683.8196704017
28400  43608.2548929226
28500  41840.5212553941
28600  40437.1614491072
28700  39008.6286593061
28800  37078.6066694906
28900  34760.2717983756
29000  32923.8383581409
29100  31305.332817379
29200  29537.700308677
29300  27465.6960175975
29400  24893.098195042
29500  22430.126882198
29600  20002.4979485984
29700  17830.3676543177
29800  15715.8184569791
29900  13462.5598018351
30000  10716.9851024305
30100  7999.37248686505
30200  5131.41369077915
30300  2759.83302980783
30400  -819.066173111002
30500  -3786.14553742158
30600  -6726.10610147343
30700  -9299.56626273551
30800  -13485.4911740466
30900  -16117.7090535865
31000  -20005.614198555
31100  -23273.8276065983
31200  -27108.9555959598
31300  -30765.6722755601
31400  -34298.7624637238
31500  -38629.8021104621
31600  -42519.8213866656
31700  -46120.9850638174
31800  -50209.023177724
31900  -54033.1483245493
32000  -58525.55038088
32100  -62995.5045541167
32200  -67863.4691388531
32300  -73196.8502818574
32400  -78522.2983719804
32500  -83115.541459732
32600  -87889.3760409064
32700  -92800.7825183926
32800  -98615.5452117331
32900  -104933.935631361
33000  -110372.388970156
33100  -115053.344809366
33200  -121312.723991398
33300  -128628.668433242
33400  -134907.728334853
33500  -140151.041683818
33600  -147292.72551159
33700  -154691.490249226
33800  -161032.953455286
33900  -168306.280707192
34000  -176666.885104371
34100  -183076.555226994
34200  -191743.826680464
34300  -199855.96066763
34400  -206680.951143106
34500  -217165.524232993
34600  -223966.748518781
34700  -234971.61338783
34800  -242143.319093158
34900  -253186.427480512
35000  -261643.410636596
35100  -273047.33013569
35200  -281480.141570969
35300  -293799.062323819
35400  -302573.139211907
35500  -315999.748877099
35600  -325627.25450122
35700  -338114.898497329
35800  -351863.736578267
35900  -361495.090616539
36000  -376293.147089647
36100  -390592.753039857
36200  -401707.73610036
36300  -416390.692417938
36400  -433929.138461978
36500  -447442.181266596
36600  -461063.595221927
36700  -477548.342309866
36800  -496703.958672999
36900  -515341.835862876
37000  -533835.897819707
37100  -550773.578136022
37200  -568955.366932576
37300  -587942.914947952
37400  -607965.904338437
37500  -629702.631730624
37600  -652434.971739406
37700  -676267.986021553
37800  -701625.380775005
37900  -729525.202069042
38000  -760488.405934626
38100  -792681.659160455
38200  -823007.981341382
38300  -848818.330752507
38400  -878176.37588276
38500  -924039.160018247
38600  -969485.620130653
38700  -995149.620463169
38800  -1054194.55581655
38900  -1105005.72217308
39000  -1150420.70513872
39100  -1231915.30913587
39200  -1297688.67553119
39300  -1357161.71153299
39400  -1575487.10320192
39500  -1752631.95202659
39600  -1818810.34840509
39700  -1837536.88218137
39800  -1841526.92934258
39900  -1848168.79102166
40000  -1856258.05849607
