   0.000000000000000E+00   0.130406685180700E+01
   0.100000000000000E+03   0.130351296521486E+01
   0.200000000000000E+03   0.130198598064776E+01
   0.300000000000000E+03   0.129974432292337E+01
   0.400000000000000E+03   0.129693124870181E+01
   0.500000000000000E+03   0.129344374647254E+01
   0.600000000000000E+03   0.128877740990439E+01
   0.700000000000000E+03   0.128101985347127E+01
   0.800000000000000E+03   0.127215209502202E+01
   0.900000000000000E+03   0.127286186489117E+01
   0.100000000000000E+04   0.129884041495810E+01
   0.110000000000000E+04   0.129600213955364E+01
   0.120000000000000E+04   0.128886992779667E+01
   0.130000000000000E+04   0.128481414101856E+01
   0.140000000000000E+04   0.130081527283137E+01
   0.150000000000000E+04   0.129511167253449E+01
   0.160000000000000E+04   0.128664309318614E+01
   0.170000000000000E+04   0.128986335780959E+01
   0.180000000000000E+04   0.130068837886370E+01
   0.190000000000000E+04   0.130400993176164E+01
   0.200000000000000E+04   0.130009393085862E+01
   0.210000000000000E+04   0.129600283607579E+01
   0.220000000000000E+04   0.130619703177979E+01
   0.230000000000000E+04   0.130027526446236E+01
   0.240000000000000E+04   0.130504950056002E+01
   0.250000000000000E+04   0.131059380040278E+01
   0.260000000000000E+04   0.128831207233407E+01
   0.270000000000000E+04   0.130727899746466E+01
   0.280000000000000E+04   0.130896078200021E+01
   0.290000000000000E+04   0.129634800926351E+01
   0.300000000000000E+04   0.130302915973471E+01
   0.310000000000000E+04   0.131482980503188E+01
   0.320000000000000E+04   0.130505398825153E+01
   0.330000000000000E+04   0.130099953228273E+01
   0.340000000000000E+04   0.131006095278917E+01
   0.350000000000000E+04   0.129997164781162E+01
   0.360000000000000E+04   0.131483061827385E+01
   0.370000000000000E+04   0.131241973118995E+01
   0.380000000000000E+04   0.130985438272728E+01
   0.390000000000000E+04   0.131042158473429E+01
   0.400000000000000E+04   0.130948350593462E+01
   0.410000000000000E+04   0.131770656114895E+01
   0.420000000000000E+04   0.132147250308117E+01
   0.430000000000000E+04   0.131644775110908E+01
   0.440000000000000E+04   0.130819949564830E+01
   0.450000000000000E+04   0.131096680114570E+01
   0.460000000000000E+04   0.130993996214966E+01
   0.470000000000000E+04   0.131262983002671E+01
   0.480000000000000E+04   0.129242817239719E+01
   0.490000000000000E+04   0.131738461549685E+01
   0.500000000000000E+04   0.131800799095072E+01
   0.510000000000000E+04   0.131855625507887E+01
   0.520000000000000E+04   0.130607635590422E+01
   0.530000000000000E+04   0.132893040346971E+01
   0.540000000000000E+04   0.132396200954099E+01
   0.550000000000000E+04   0.130704653874272E+01
   0.560000000000000E+04   0.132272763247602E+01
   0.570000000000000E+04   0.130699714753428E+01
   0.580000000000000E+04   0.132197474231361E+01
   0.590000000000000E+04   0.129716745414771E+01
   0.600000000000000E+04   0.132117415012908E+01
   0.610000000000000E+04   0.130709606333403E+01
   0.620000000000000E+04   0.131728318356909E+01
   0.630000000000000E+04   0.131818116764771E+01
   0.640000000000000E+04   0.132919199968455E+01
   0.650000000000000E+04   0.131198569847038E+01
   0.660000000000000E+04   0.132174422784010E+01
   0.670000000000000E+04   0.131729257316329E+01
   0.680000000000000E+04   0.130538167536724E+01
   0.690000000000000E+04   0.132017430278938E+01
   0.700000000000000E+04   0.132231892831624E+01
   0.710000000000000E+04   0.131930883333553E+01
   0.720000000000000E+04   0.128825354075525E+01
   0.730000000000000E+04   0.131891822395846E+01
   0.740000000000000E+04   0.131761537748389E+01
   0.750000000000000E+04   0.132415598421358E+01
   0.760000000000000E+04   0.132178323087282E+01
   0.770000000000000E+04   0.125928118743468E+01
   0.780000000000000E+04   0.132602245383896E+01
   0.790000000000000E+04   0.132474726228975E+01
   0.800000000000000E+04   0.131609460827895E+01
   0.810000000000000E+04   0.132903673453256E+01
   0.820000000000000E+04   0.132186343707144E+01
   0.830000000000000E+04   0.132207158440724E+01
   0.840000000000000E+04   0.131542917713523E+01
   0.850000000000000E+04   0.131914309039712E+01
   0.860000000000000E+04   0.131687515694648E+01
   0.870000000000000E+04   0.131334273191169E+01
   0.880000000000000E+04   0.131986990384758E+01
   0.890000000000000E+04   0.131944041140378E+01
   0.900000000000000E+04   0.132402930967510E+01
   0.910000000000000E+04   0.132140683848411E+01
   0.920000000000000E+04   0.131283091939986E+01
   0.930000000000000E+04   0.132164877187461E+01
   0.940000000000000E+04   0.131573058012873E+01
   0.950000000000000E+04   0.131680187396705E+01
   0.960000000000000E+04   0.131348859984428E+01
   0.970000000000000E+04   0.130158158671111E+01
   0.980000000000000E+04   0.131180798448622E+01
   0.990000000000000E+04   0.131492074392736E+01
   0.100000000000000E+05   0.131841719336808E+01
   0.101000000000000E+05   0.131927687674761E+01
   0.102000000000000E+05   0.131752632372081E+01
   0.103000000000000E+05   0.131776709109545E+01
   0.104000000000000E+05   0.129926513880491E+01
   0.105000000000000E+05   0.131596831604838E+01
   0.106000000000000E+05   0.132332698255777E+01
   0.107000000000000E+05   0.131608599051833E+01
   0.108000000000000E+05   0.130425223335624E+01
   0.109000000000000E+05   0.130563627183437E+01
   0.110000000000000E+05   0.130897078290582E+01
   0.111000000000000E+05   0.131619483977556E+01
   0.112000000000000E+05   0.130946950614452E+01
   0.113000000000000E+05   0.131443644315004E+01
   0.114000000000000E+05   0.131504017859697E+01
   0.115000000000000E+05   0.130766924470663E+01
   0.116000000000000E+05   0.131635429710150E+01
   0.117000000000000E+05   0.131018187105656E+01
   0.118000000000000E+05   0.131727676093578E+01
   0.119000000000000E+05   0.130255109816790E+01
   0.120000000000000E+05   0.131326685100794E+01
   0.121000000000000E+05   0.131386578828096E+01
   0.122000000000000E+05   0.131360056251287E+01
   0.123000000000000E+05   0.130927722156048E+01
   0.124000000000000E+05   0.131163355708122E+01
   0.125000000000000E+05   0.130300648510456E+01
   0.126000000000000E+05   0.129489747434855E+01
   0.127000000000000E+05   0.131482814252377E+01
   0.128000000000000E+05   0.131066644191742E+01
   0.129000000000000E+05   0.130512222647667E+01
   0.130000000000000E+05   0.130219766497612E+01
   0.131000000000000E+05   0.130702489614487E+01
   0.132000000000000E+05   0.130362300574780E+01
   0.133000000000000E+05   0.130189488828182E+01
   0.134000000000000E+05   0.130567434430122E+01
   0.135000000000000E+05   0.129407997429371E+01
   0.136000000000000E+05   0.130174945294857E+01
   0.137000000000000E+05   0.129511329531670E+01
   0.138000000000000E+05   0.130634771287441E+01
   0.139000000000000E+05   0.130361691117287E+01
   0.140000000000000E+05   0.130288609862328E+01
   0.141000000000000E+05   0.129379662871361E+01
   0.142000000000000E+05   0.128329056501389E+01
   0.143000000000000E+05   0.130889934301376E+01
   0.144000000000000E+05   0.129982852935791E+01
   0.145000000000000E+05   0.130245813727379E+01
   0.146000000000000E+05   0.129825541377068E+01
   0.147000000000000E+05   0.129501345753670E+01
   0.148000000000000E+05   0.129516917467117E+01
   0.149000000000000E+05   0.130400490760803E+01
   0.150000000000000E+05   0.128114932775497E+01
   0.151000000000000E+05   0.131005418300629E+01
   0.152000000000000E+05   0.130060589313507E+01
   0.153000000000000E+05   0.128119933605194E+01
   0.154000000000000E+05   0.130025041103363E+01
   0.155000000000000E+05   0.129145890474319E+01
   0.156000000000000E+05   0.130351334810257E+01
   0.157000000000000E+05   0.129761457443237E+01
   0.158000000000000E+05   0.129723036289215E+01
   0.159000000000000E+05   0.129897725582123E+01
   0.160000000000000E+05   0.128838264942169E+01
   0.161000000000000E+05   0.129943931102753E+01
   0.162000000000000E+05   0.129395252466202E+01
   0.163000000000000E+05   0.128912109136581E+01
   0.164000000000000E+05   0.130541813373566E+01
   0.165000000000000E+05   0.129645794630051E+01
   0.166000000000000E+05   0.129977774620056E+01
   0.167000000000000E+05   0.130038177967072E+01
   0.168000000000000E+05   0.129424035549164E+01
   0.169000000000000E+05   0.129674398899078E+01
   0.170000000000000E+05   0.129871368408203E+01
   0.171000000000000E+05   0.129158437252045E+01
   0.172000000000000E+05   0.129523134231567E+01
   0.173000000000000E+05   0.130141103267670E+01
   0.174000000000000E+05   0.129959249496460E+01
   0.175000000000000E+05   0.129549145698547E+01
   0.176000000000000E+05   0.129543256759644E+01
   0.177000000000000E+05   0.130148994922638E+01
   0.178000000000000E+05   0.130012118816376E+01
   0.179000000000000E+05   0.129981720447540E+01
   0.180000000000000E+05   0.130192923545837E+01
   0.181000000000000E+05   0.129397177696228E+01
   0.182000000000000E+05   0.130177736282349E+01
   0.183000000000000E+05   0.127922034263611E+01
   0.184000000000000E+05   0.130221080780029E+01
   0.185000000000000E+05   0.129739284515381E+01
   0.186000000000000E+05   0.129795169830322E+01
   0.187000000000000E+05   0.128373074531555E+01
   0.188000000000000E+05   0.130347990989685E+01
   0.189000000000000E+05   0.130278587341309E+01
   0.190000000000000E+05   0.129868602752686E+01
   0.191000000000000E+05   0.129848384857178E+01
   0.192000000000000E+05   0.128164291381836E+01
   0.193000000000000E+05   0.128764367103577E+01
   0.194000000000000E+05   0.129726362228394E+01
   0.195000000000000E+05   0.130276989936829E+01
   0.196000000000000E+05   0.129110670089722E+01
   0.197000000000000E+05   0.130575466156006E+01
   0.198000000000000E+05   0.130141639709473E+01
   0.199000000000000E+05   0.129847431182861E+01
   0.200000000000000E+05   0.130079269409180E+01
   0.201000000000000E+05   0.130236291885376E+01
   0.202000000000000E+05   0.130812454223633E+01
   0.203000000000000E+05   0.130376434326172E+01
   0.204000000000000E+05   0.130864095687866E+01
   0.205000000000000E+05   0.130446481704712E+01
   0.206000000000000E+05   0.128507804870605E+01
   0.207000000000000E+05   0.130971765518188E+01
   0.208000000000000E+05   0.130858135223389E+01
   0.209000000000000E+05   0.130600261688232E+01
   0.210000000000000E+05   0.131112146377563E+01
   0.211000000000000E+05   0.130346584320068E+01
   0.212000000000000E+05   0.130178737640381E+01
   0.213000000000000E+05   0.131335544586182E+01
   0.214000000000000E+05   0.130137205123901E+01
   0.215000000000000E+05   0.131810855865479E+01
   0.216000000000000E+05   0.131692886352539E+01
   0.217000000000000E+05   0.131968116760254E+01
   0.218000000000000E+05   0.131539726257324E+01
   0.219000000000000E+05   0.131959438323975E+01
   0.220000000000000E+05   0.131168365478516E+01
   0.221000000000000E+05   0.131945228576660E+01
   0.222000000000000E+05   0.132716751098633E+01
   0.223000000000000E+05   0.130503368377686E+01
   0.224000000000000E+05   0.132659149169922E+01
   0.225000000000000E+05   0.131815052032471E+01
   0.226000000000000E+05   0.132508659362793E+01
   0.227000000000000E+05   0.132321548461914E+01
   0.228000000000000E+05   0.131235027313232E+01
   0.229000000000000E+05   0.132707405090332E+01
   0.230000000000000E+05   0.133060741424561E+01
   0.231000000000000E+05   0.131996631622314E+01
   0.232000000000000E+05   0.133257484436035E+01
   0.233000000000000E+05   0.132742118835449E+01
   0.234000000000000E+05   0.132318305969238E+01
   0.235000000000000E+05   0.132637596130371E+01
   0.236000000000000E+05   0.132554817199707E+01
   0.237000000000000E+05   0.131500816345215E+01
   0.238000000000000E+05   0.133859443664551E+01
   0.239000000000000E+05   0.133202171325684E+01
   0.240000000000000E+05   0.133472061157227E+01
   0.241000000000000E+05   0.134085083007812E+01
   0.242000000000000E+05   0.133403778076172E+01
   0.243000000000000E+05   0.134288978576660E+01
   0.244000000000000E+05   0.134593582153320E+01
   0.245000000000000E+05   0.135005378723145E+01
   0.246000000000000E+05   0.134477615356445E+01
   0.247000000000000E+05   0.135704612731934E+01
   0.248000000000000E+05   0.135564422607422E+01
   0.249000000000000E+05   0.135642051696777E+01
   0.250000000000000E+05   0.135202789306641E+01
   0.251000000000000E+05   0.135990715026855E+01
   0.252000000000000E+05   0.136627388000488E+01
   0.253000000000000E+05   0.135113143920898E+01
   0.254000000000000E+05   0.136568450927734E+01
   0.255000000000000E+05   0.135392379760742E+01
   0.256000000000000E+05   0.136266326904297E+01
   0.257000000000000E+05   0.135761260986328E+01
   0.258000000000000E+05   0.136484527587891E+01
   0.259000000000000E+05   0.136652374267578E+01
   0.260000000000000E+05   0.137217330932617E+01
   0.261000000000000E+05   0.137255477905273E+01
   0.262000000000000E+05   0.137904739379883E+01
   0.263000000000000E+05   0.137435913085938E+01
   0.264000000000000E+05   0.135921096801758E+01
   0.265000000000000E+05   0.137756347656250E+01
   0.266000000000000E+05   0.139051437377930E+01
   0.267000000000000E+05   0.138117218017578E+01
   0.268000000000000E+05   0.139043045043945E+01
   0.269000000000000E+05   0.138825225830078E+01
   0.270000000000000E+05   0.139164352416992E+01
   0.271000000000000E+05   0.139713668823242E+01
   0.272000000000000E+05   0.140330886840820E+01
   0.273000000000000E+05   0.139099121093750E+01
   0.274000000000000E+05   0.140133285522461E+01
   0.275000000000000E+05   0.141320419311523E+01
   0.276000000000000E+05   0.140950012207031E+01
   0.277000000000000E+05   0.140572357177734E+01
   0.278000000000000E+05   0.141375732421875E+01
   0.279000000000000E+05   0.142021942138672E+01
   0.280000000000000E+05   0.140396118164062E+01
   0.281000000000000E+05   0.142171478271484E+01
   0.282000000000000E+05   0.141767883300781E+01
   0.283000000000000E+05   0.141945648193359E+01
   0.284000000000000E+05   0.141667938232422E+01
   0.285000000000000E+05   0.143031311035156E+01
   0.286000000000000E+05   0.142620086669922E+01
   0.287000000000000E+05   0.143598175048828E+01
   0.288000000000000E+05   0.144028472900391E+01
   0.289000000000000E+05   0.143836975097656E+01
   0.290000000000000E+05   0.144985198974609E+01
   0.291000000000000E+05   0.144593048095703E+01
   0.292000000000000E+05   0.144596862792969E+01
   0.293000000000000E+05   0.145493316650391E+01
   0.294000000000000E+05   0.145981597900391E+01
   0.295000000000000E+05   0.146317291259766E+01
   0.296000000000000E+05   0.146543121337891E+01
   0.297000000000000E+05   0.146053314208984E+01
   0.298000000000000E+05   0.146488952636719E+01
   0.299000000000000E+05   0.147377014160156E+01
   0.300000000000000E+05   0.146538543701172E+01
   0.301000000000000E+05   0.148645019531250E+01
   0.302000000000000E+05   0.148524475097656E+01
   0.303000000000000E+05   0.147761535644531E+01
   0.304000000000000E+05   0.149359130859375E+01
   0.305000000000000E+05   0.146630859375000E+01
   0.306000000000000E+05   0.149052429199219E+01
   0.307000000000000E+05   0.149755859375000E+01
   0.308000000000000E+05   0.149407958984375E+01
   0.309000000000000E+05   0.151217651367188E+01
   0.310000000000000E+05   0.152027893066406E+01
   0.311000000000000E+05   0.151185607910156E+01
   0.312000000000000E+05   0.151933288574219E+01
   0.313000000000000E+05   0.152593994140625E+01
   0.314000000000000E+05   0.152505493164062E+01
   0.315000000000000E+05   0.153520202636719E+01
   0.316000000000000E+05   0.153999328613281E+01
   0.317000000000000E+05   0.153761291503906E+01
   0.318000000000000E+05   0.153491210937500E+01
   0.319000000000000E+05   0.150962829589844E+01
   0.320000000000000E+05   0.155944824218750E+01
   0.321000000000000E+05   0.155369567871094E+01
   0.322000000000000E+05   0.156292724609375E+01
   0.323000000000000E+05   0.155622863769531E+01
   0.324000000000000E+05   0.156161499023438E+01
   0.325000000000000E+05   0.157041931152344E+01
   0.326000000000000E+05   0.158265686035156E+01
   0.327000000000000E+05   0.150300598144531E+01
   0.328000000000000E+05   0.159002685546875E+01
   0.329000000000000E+05   0.159146118164062E+01
   0.330000000000000E+05   0.158865356445312E+01
   0.331000000000000E+05   0.160491943359375E+01
   0.332000000000000E+05   0.160595703125000E+01
   0.333000000000000E+05   0.160665893554688E+01
   0.334000000000000E+05   0.162017822265625E+01
   0.335000000000000E+05   0.163342285156250E+01
   0.336000000000000E+05   0.161682128906250E+01
   0.337000000000000E+05   0.162600708007812E+01
   0.338000000000000E+05   0.163946533203125E+01
   0.339000000000000E+05   0.165151977539062E+01
   0.340000000000000E+05   0.163616943359375E+01
   0.341000000000000E+05   0.165359497070312E+01
   0.342000000000000E+05   0.164974975585938E+01
   0.343000000000000E+05   0.165899658203125E+01
   0.344000000000000E+05   0.164379882812500E+01
   0.345000000000000E+05   0.166760253906250E+01
   0.346000000000000E+05   0.167352294921875E+01
   0.347000000000000E+05   0.168716430664062E+01
   0.348000000000000E+05   0.170092773437500E+01
   0.349000000000000E+05   0.169180297851562E+01
   0.350000000000000E+05   0.169058227539062E+01
   0.351000000000000E+05   0.169848632812500E+01
   0.352000000000000E+05   0.169863891601562E+01
   0.353000000000000E+05   0.172341918945312E+01
   0.354000000000000E+05   0.173083496093750E+01
   0.355000000000000E+05   0.169281005859375E+01
   0.356000000000000E+05   0.173706054687500E+01
   0.357000000000000E+05   0.173571777343750E+01
   0.358000000000000E+05   0.174475097656250E+01
   0.359000000000000E+05   0.174847412109375E+01
   0.360000000000000E+05   0.176654052734375E+01
   0.361000000000000E+05   0.176611328125000E+01
   0.362000000000000E+05   0.176214599609375E+01
   0.363000000000000E+05   0.178405761718750E+01
   0.364000000000000E+05   0.178082275390625E+01
   0.365000000000000E+05   0.178723144531250E+01
   0.366000000000000E+05   0.180297851562500E+01
   0.367000000000000E+05   0.179632568359375E+01
   0.368000000000000E+05   0.180621337890625E+01
   0.369000000000000E+05   0.182153320312500E+01
   0.370000000000000E+05   0.180877685546875E+01
   0.371000000000000E+05   0.182183837890625E+01
   0.372000000000000E+05   0.182574462890625E+01
   0.373000000000000E+05   0.185266113281250E+01
   0.374000000000000E+05   0.184466552734375E+01
   0.375000000000000E+05   0.185644531250000E+01
   0.376000000000000E+05   0.187103271484375E+01
   0.377000000000000E+05   0.188476562500000E+01
   0.378000000000000E+05   0.185461425781250E+01
   0.379000000000000E+05   0.188549804687500E+01
   0.380000000000000E+05   0.189166259765625E+01
   0.381000000000000E+05   0.188854980468750E+01
   0.382000000000000E+05   0.190191650390625E+01
   0.383000000000000E+05   0.191540527343750E+01
   0.384000000000000E+05   0.190441894531250E+01
   0.385000000000000E+05   0.193450927734375E+01
   0.386000000000000E+05   0.192413330078125E+01
   0.387000000000000E+05   0.193847656250000E+01
   0.388000000000000E+05   0.193426513671875E+01
   0.389000000000000E+05   0.194628906250000E+01
   0.390000000000000E+05   0.195898437500000E+01
   0.391000000000000E+05   0.196728515625000E+01
   0.392000000000000E+05   0.198730468750000E+01
   0.393000000000000E+05   0.199157714843750E+01
   0.394000000000000E+05   0.200683593750000E+01
   0.395000000000000E+05   0.200158691406250E+01
   0.396000000000000E+05   0.198925781250000E+01
   0.397000000000000E+05   0.200366210937500E+01
   0.398000000000000E+05   0.202258300781250E+01
   0.399000000000000E+05   0.204833984375000E+01
   0.400000000000000E+05   0.204809570312500E+01
 
 
