   0.000000000000000E+00   0.130406685180700E+01
   0.100000000000000E+03   0.130378646752161E+01
   0.200000000000000E+03   0.130298371259984E+01
   0.300000000000000E+03   0.130174752313171E+01
   0.400000000000000E+03   0.130017071287086E+01
   0.500000000000000E+03   0.129830877452638E+01
   0.600000000000000E+03   0.129615727575910E+01
   0.700000000000000E+03   0.129364051454910E+01
   0.800000000000000E+03   0.129057363721768E+01
   0.900000000000000E+03   0.128652912158429E+01
   0.100000000000000E+04   0.128017384953365E+01
   0.110000000000000E+04   0.125911544745584E+01
   0.120000000000000E+04   0.127677356833333E+01
   0.130000000000000E+04   0.126750781754166E+01
   0.140000000000000E+04   0.129869586877646E+01
   0.150000000000000E+04   0.129803166135326E+01
   0.160000000000000E+04   0.129301555928481E+01
   0.170000000000000E+04   0.128914585577911E+01
   0.180000000000000E+04   0.128911830802247E+01
   0.190000000000000E+04   0.129984733303422E+01
   0.200000000000000E+04   0.129983950558540E+01
   0.210000000000000E+04   0.129329211394452E+01
   0.220000000000000E+04   0.129429387845880E+01
   0.230000000000000E+04   0.125866968207333E+01
   0.240000000000000E+04   0.129129904216597E+01
   0.250000000000000E+04   0.130198886175367E+01
   0.260000000000000E+04   0.129508200125292E+01
   0.270000000000000E+04   0.130260923721926E+01
   0.280000000000000E+04   0.130141146765800E+01
   0.290000000000000E+04   0.129063337612934E+01
   0.300000000000000E+04   0.129971765112168E+01
   0.310000000000000E+04   0.130677681892485E+01
   0.320000000000000E+04   0.129118670320349E+01
   0.330000000000000E+04   0.130256766471575E+01
   0.340000000000000E+04   0.130443903456035E+01
   0.350000000000000E+04   0.130264545836690E+01
   0.360000000000000E+04   0.130711739102844E+01
   0.370000000000000E+04   0.115481912584801E+01
   0.380000000000000E+04   0.130919019901194E+01
   0.390000000000000E+04   0.128011734270694E+01
   0.400000000000000E+04   0.130868799274322E+01
   0.410000000000000E+04   0.129629225641838E+01
   0.420000000000000E+04   0.130393737665145E+01
   0.430000000000000E+04   0.129638826833980E+01
   0.440000000000000E+04   0.131324712472269E+01
   0.450000000000000E+04   0.124845159788674E+01
   0.460000000000000E+04   0.130941026369692E+01
   0.470000000000000E+04   0.131391751524643E+01
   0.480000000000000E+04   0.130191330160596E+01
   0.490000000000000E+04   0.130991911125602E+01
   0.500000000000000E+04   0.130537663039286E+01
   0.510000000000000E+04   0.131277754798066E+01
   0.520000000000000E+04   0.131009104038822E+01
   0.530000000000000E+04   0.131268218019977E+01
   0.540000000000000E+04   0.131347087875474E+01
   0.550000000000000E+04   0.131567961233668E+01
   0.560000000000000E+04   0.131365079211537E+01
   0.570000000000000E+04   0.131147908186540E+01
   0.580000000000000E+04   0.131727460841648E+01
   0.590000000000000E+04   0.130264762113802E+01
   0.600000000000000E+04   0.131245187192690E+01
   0.610000000000000E+04   0.131731743551791E+01
   0.620000000000000E+04   0.131116054160520E+01
   0.630000000000000E+04   0.129281457932666E+01
   0.640000000000000E+04   0.131173013616353E+01
   0.650000000000000E+04   0.131372922286391E+01
   0.660000000000000E+04   0.131912210211158E+01
   0.670000000000000E+04   0.131804414140061E+01
   0.680000000000000E+04   0.130740607157350E+01
   0.690000000000000E+04   0.130461156927049E+01
   0.700000000000000E+04   0.131893532350659E+01
   0.710000000000000E+04   0.131548213912174E+01
   0.720000000000000E+04   0.131879211775959E+01
   0.730000000000000E+04   0.131958405952901E+01
   0.740000000000000E+04   0.132142010238022E+01
   0.750000000000000E+04   0.132843202538788E+01
   0.760000000000000E+04   0.131155469082296E+01
   0.770000000000000E+04   0.131756694614887E+01
   0.780000000000000E+04   0.132553043775260E+01
   0.790000000000000E+04   0.132535534258932E+01
   0.800000000000000E+04   0.131341453175992E+01
   0.810000000000000E+04   0.132433623448014E+01
   0.820000000000000E+04   0.132302234321833E+01
   0.830000000000000E+04   0.132473033852875E+01
   0.840000000000000E+04   0.132435006648302E+01
   0.850000000000000E+04   0.131601969897747E+01
   0.860000000000000E+04   0.131793667376041E+01
   0.870000000000000E+04   0.132024686224759E+01
   0.880000000000000E+04   0.131290454044938E+01
   0.890000000000000E+04   0.131990958005190E+01
   0.900000000000000E+04   0.131800686940551E+01
   0.910000000000000E+04   0.131377703323960E+01
   0.920000000000000E+04   0.132276801764965E+01
   0.930000000000000E+04   0.132167843356729E+01
   0.940000000000000E+04   0.131974887847900E+01
   0.950000000000000E+04   0.131918737664819E+01
   0.960000000000000E+04   0.131386198103428E+01
   0.970000000000000E+04   0.130869872123003E+01
   0.980000000000000E+04   0.132550259679556E+01
   0.990000000000000E+04   0.132161136716604E+01
   0.100000000000000E+05   0.132105741649866E+01
   0.101000000000000E+05   0.130718943476677E+01
   0.102000000000000E+05   0.132123028486967E+01
   0.103000000000000E+05   0.132155424356461E+01
   0.104000000000000E+05   0.131237022578716E+01
   0.105000000000000E+05   0.132168087363243E+01
   0.106000000000000E+05   0.132882387936115E+01
   0.107000000000000E+05   0.132232387363911E+01
   0.108000000000000E+05   0.132304599881172E+01
   0.109000000000000E+05   0.131928789615631E+01
   0.110000000000000E+05   0.130607637763023E+01
   0.111000000000000E+05   0.132090878486633E+01
   0.112000000000000E+05   0.132261800765991E+01
   0.113000000000000E+05   0.132266232371330E+01
   0.114000000000000E+05   0.131823733448982E+01
   0.115000000000000E+05   0.130064111948013E+01
   0.116000000000000E+05   0.131470012664795E+01
   0.117000000000000E+05   0.130783611536026E+01
   0.118000000000000E+05   0.132285007834435E+01
   0.119000000000000E+05   0.131544473767281E+01
   0.120000000000000E+05   0.131688901782036E+01
   0.121000000000000E+05   0.131667187809944E+01
   0.122000000000000E+05   0.131135752797127E+01
   0.123000000000000E+05   0.130281344056129E+01
   0.124000000000000E+05   0.131431379914284E+01
   0.125000000000000E+05   0.131950038671494E+01
   0.126000000000000E+05   0.131645148992538E+01
   0.127000000000000E+05   0.131916898488998E+01
   0.128000000000000E+05   0.131819212436676E+01
   0.129000000000000E+05   0.131960946321487E+01
   0.130000000000000E+05   0.131874495744705E+01
   0.131000000000000E+05   0.131797420978546E+01
   0.132000000000000E+05   0.131215214729309E+01
   0.133000000000000E+05   0.131510108709335E+01
   0.134000000000000E+05   0.131131875514984E+01
   0.135000000000000E+05   0.132120299339294E+01
   0.136000000000000E+05   0.131988120079041E+01
   0.137000000000000E+05   0.131245946884155E+01
   0.138000000000000E+05   0.130805933475494E+01
   0.139000000000000E+05   0.131395554542542E+01
   0.140000000000000E+05   0.131776940822601E+01
   0.141000000000000E+05   0.130142199993134E+01
   0.142000000000000E+05   0.130532646179199E+01
   0.143000000000000E+05   0.131966876983643E+01
   0.144000000000000E+05   0.131492066383362E+01
   0.145000000000000E+05   0.132330727577209E+01
   0.146000000000000E+05   0.131477952003479E+01
   0.147000000000000E+05   0.130924701690674E+01
   0.148000000000000E+05   0.130602598190308E+01
   0.149000000000000E+05   0.131376051902771E+01
   0.150000000000000E+05   0.131663513183594E+01
   0.151000000000000E+05   0.131019377708435E+01
   0.152000000000000E+05   0.131704139709473E+01
   0.153000000000000E+05   0.131304383277893E+01
   0.154000000000000E+05   0.131225538253784E+01
   0.155000000000000E+05   0.131297469139099E+01
   0.156000000000000E+05   0.132230663299561E+01
   0.157000000000000E+05   0.131524324417114E+01
   0.158000000000000E+05   0.131874871253967E+01
   0.159000000000000E+05   0.130921101570129E+01
   0.160000000000000E+05   0.131375741958618E+01
   0.161000000000000E+05   0.131257915496826E+01
   0.162000000000000E+05   0.131486511230469E+01
   0.163000000000000E+05   0.131286954879761E+01
   0.164000000000000E+05   0.131933069229126E+01
   0.165000000000000E+05   0.130890607833862E+01
   0.166000000000000E+05   0.130685472488403E+01
   0.167000000000000E+05   0.131548929214478E+01
   0.168000000000000E+05   0.130666494369507E+01
   0.169000000000000E+05   0.130799102783203E+01
   0.170000000000000E+05   0.130973005294800E+01
   0.171000000000000E+05   0.131695508956909E+01
   0.172000000000000E+05   0.131015825271606E+01
   0.173000000000000E+05   0.131658697128296E+01
   0.174000000000000E+05   0.130536460876465E+01
   0.175000000000000E+05   0.121934223175049E+01
   0.176000000000000E+05   0.131089448928833E+01
   0.177000000000000E+05   0.130843162536621E+01
   0.178000000000000E+05   0.130736446380615E+01
   0.179000000000000E+05   0.126101207733154E+01
   0.180000000000000E+05   0.131280899047852E+01
   0.181000000000000E+05   0.130974769592285E+01
   0.182000000000000E+05   0.129864883422852E+01
   0.183000000000000E+05   0.131522560119629E+01
   0.184000000000000E+05   0.130071735382080E+01
   0.185000000000000E+05   0.127356624603271E+01
   0.186000000000000E+05   0.130523109436035E+01
   0.187000000000000E+05   0.130495834350586E+01
   0.188000000000000E+05   0.130541515350342E+01
   0.189000000000000E+05   0.130356025695801E+01
   0.190000000000000E+05   0.129656314849854E+01
   0.191000000000000E+05   0.131281661987305E+01
   0.192000000000000E+05   0.130305576324463E+01
   0.193000000000000E+05   0.130932998657227E+01
   0.194000000000000E+05   0.130652236938477E+01
   0.195000000000000E+05   0.129718971252441E+01
   0.196000000000000E+05   0.129886436462402E+01
   0.197000000000000E+05   0.129708862304688E+01
   0.198000000000000E+05   0.130365371704102E+01
   0.199000000000000E+05   0.128798484802246E+01
   0.200000000000000E+05   0.130886650085449E+01
   0.201000000000000E+05   0.130409622192383E+01
   0.202000000000000E+05   0.130009269714355E+01
   0.203000000000000E+05   0.130638885498047E+01
   0.204000000000000E+05   0.129949378967285E+01
   0.205000000000000E+05   0.129127120971680E+01
   0.206000000000000E+05   0.129586219787598E+01
   0.207000000000000E+05   0.130457496643066E+01
   0.208000000000000E+05   0.130291557312012E+01
   0.209000000000000E+05   0.130452537536621E+01
   0.210000000000000E+05   0.130083084106445E+01
   0.211000000000000E+05   0.130363082885742E+01
   0.212000000000000E+05   0.130221557617188E+01
   0.213000000000000E+05   0.130297088623047E+01
   0.214000000000000E+05   0.130624008178711E+01
   0.215000000000000E+05   0.129954910278320E+01
   0.216000000000000E+05   0.127663803100586E+01
   0.217000000000000E+05   0.129184341430664E+01
   0.218000000000000E+05   0.130284500122070E+01
   0.219000000000000E+05   0.127484512329102E+01
   0.220000000000000E+05   0.129440689086914E+01
   0.221000000000000E+05   0.129696655273438E+01
   0.222000000000000E+05   0.130362701416016E+01
   0.223000000000000E+05   0.130144882202148E+01
   0.224000000000000E+05   0.130274200439453E+01
   0.225000000000000E+05   0.128938674926758E+01
   0.226000000000000E+05   0.128717422485352E+01
   0.227000000000000E+05   0.129256820678711E+01
   0.228000000000000E+05   0.129978942871094E+01
   0.229000000000000E+05   0.130387878417969E+01
   0.230000000000000E+05   0.129473876953125E+01
   0.231000000000000E+05   0.129748535156250E+01
   0.232000000000000E+05   0.130077362060547E+01
   0.233000000000000E+05   0.129967498779297E+01
   0.234000000000000E+05   0.130417633056641E+01
   0.235000000000000E+05   0.129260253906250E+01
   0.236000000000000E+05   0.129721832275391E+01
   0.237000000000000E+05   0.130224609375000E+01
   0.238000000000000E+05   0.129607391357422E+01
   0.239000000000000E+05   0.129467773437500E+01
   0.240000000000000E+05   0.129736328125000E+01
   0.241000000000000E+05   0.129650878906250E+01
   0.242000000000000E+05   0.129625701904297E+01
   0.243000000000000E+05   0.129101562500000E+01
   0.244000000000000E+05   0.129689025878906E+01
   0.245000000000000E+05   0.129523468017578E+01
   0.246000000000000E+05   0.129700469970703E+01
   0.247000000000000E+05   0.129698181152344E+01
   0.248000000000000E+05   0.130491638183594E+01
   0.249000000000000E+05   0.130003356933594E+01
   0.250000000000000E+05   0.129486083984375E+01
   0.251000000000000E+05   0.129776000976562E+01
   0.252000000000000E+05   0.129261779785156E+01
   0.253000000000000E+05   0.130415344238281E+01
   0.254000000000000E+05   0.130227661132812E+01
   0.255000000000000E+05   0.129660034179688E+01
   0.256000000000000E+05   0.129997253417969E+01
   0.257000000000000E+05   0.129922485351562E+01
   0.258000000000000E+05   0.129962158203125E+01
   0.259000000000000E+05   0.130120849609375E+01
   0.260000000000000E+05   0.129434204101562E+01
   0.261000000000000E+05   0.129191589355469E+01
   0.262000000000000E+05   0.129771423339844E+01
   0.263000000000000E+05   0.129504394531250E+01
   0.264000000000000E+05   0.130287170410156E+01
   0.265000000000000E+05   0.129977416992188E+01
   0.266000000000000E+05   0.129783630371094E+01
   0.267000000000000E+05   0.130363464355469E+01
   0.268000000000000E+05   0.130004882812500E+01
   0.269000000000000E+05   0.130421447753906E+01
   0.270000000000000E+05   0.129814147949219E+01
   0.271000000000000E+05   0.130453491210938E+01
   0.272000000000000E+05   0.130123901367188E+01
   0.273000000000000E+05   0.129452514648438E+01
   0.274000000000000E+05   0.130285644531250E+01
   0.275000000000000E+05   0.130541992187500E+01
   0.276000000000000E+05   0.130230712890625E+01
   0.277000000000000E+05   0.130926513671875E+01
   0.278000000000000E+05   0.129449462890625E+01
   0.279000000000000E+05   0.130529785156250E+01
   0.280000000000000E+05   0.129959106445312E+01
   0.281000000000000E+05   0.130834960937500E+01
   0.282000000000000E+05   0.130545043945312E+01
   0.283000000000000E+05   0.130773925781250E+01
   0.284000000000000E+05   0.130676269531250E+01
   0.285000000000000E+05   0.130059814453125E+01
   0.286000000000000E+05   0.129675292968750E+01
   0.287000000000000E+05   0.125689697265625E+01
   0.288000000000000E+05   0.130001831054688E+01
   0.289000000000000E+05   0.130395507812500E+01
   0.290000000000000E+05   0.130322265625000E+01
   0.291000000000000E+05   0.130053710937500E+01
   0.292000000000000E+05   0.130383300781250E+01
   0.293000000000000E+05   0.131491088867188E+01
   0.294000000000000E+05   0.130264282226562E+01
   0.295000000000000E+05   0.130603027343750E+01
   0.296000000000000E+05   0.130401611328125E+01
   0.297000000000000E+05   0.130529785156250E+01
   0.298000000000000E+05   0.128393554687500E+01
   0.299000000000000E+05   0.129803466796875E+01
   0.300000000000000E+05   0.130529785156250E+01
   0.301000000000000E+05   0.130895996093750E+01
   0.302000000000000E+05   0.131072998046875E+01
   0.303000000000000E+05   0.130358886718750E+01
   0.304000000000000E+05   0.130822753906250E+01
   0.305000000000000E+05   0.131286621093750E+01
   0.306000000000000E+05   0.131311035156250E+01
   0.307000000000000E+05   0.131695556640625E+01
   0.308000000000000E+05   0.131164550781250E+01
   0.309000000000000E+05   0.131646728515625E+01
   0.310000000000000E+05   0.132293701171875E+01
   0.311000000000000E+05   0.131176757812500E+01
   0.312000000000000E+05   0.132153320312500E+01
   0.313000000000000E+05   0.132208251953125E+01
   0.314000000000000E+05   0.131854248046875E+01
   0.315000000000000E+05   0.131561279296875E+01
   0.316000000000000E+05   0.131958007812500E+01
   0.317000000000000E+05   0.132293701171875E+01
   0.318000000000000E+05   0.132165527343750E+01
   0.319000000000000E+05   0.130938720703125E+01
   0.320000000000000E+05   0.132653808593750E+01
   0.321000000000000E+05   0.130725097656250E+01
   0.322000000000000E+05   0.131469726562500E+01
   0.323000000000000E+05   0.132031250000000E+01
   0.324000000000000E+05   0.132397460937500E+01
   0.325000000000000E+05   0.132934570312500E+01
   0.326000000000000E+05   0.132983398437500E+01
   0.327000000000000E+05   0.132617187500000E+01
   0.328000000000000E+05   0.133312988281250E+01
   0.329000000000000E+05   0.132617187500000E+01
   0.330000000000000E+05   0.133605957031250E+01
   0.331000000000000E+05   0.133190917968750E+01
   0.332000000000000E+05   0.133142089843750E+01
   0.333000000000000E+05   0.132910156250000E+01
   0.334000000000000E+05   0.133239746093750E+01
   0.335000000000000E+05   0.134057617187500E+01
   0.336000000000000E+05   0.132739257812500E+01
   0.337000000000000E+05   0.131469726562500E+01
   0.338000000000000E+05   0.133764648437500E+01
   0.339000000000000E+05   0.133728027343750E+01
   0.340000000000000E+05   0.133935546875000E+01
   0.341000000000000E+05   0.133593750000000E+01
   0.342000000000000E+05   0.134436035156250E+01
   0.343000000000000E+05   0.134338378906250E+01
   0.344000000000000E+05   0.134655761718750E+01
   0.345000000000000E+05   0.134667968750000E+01
   0.346000000000000E+05   0.134753417968750E+01
   0.347000000000000E+05   0.135412597656250E+01
   0.348000000000000E+05   0.135095214843750E+01
   0.349000000000000E+05   0.135253906250000E+01
   0.350000000000000E+05   0.135205078125000E+01
   0.351000000000000E+05   0.134570312500000E+01
   0.352000000000000E+05   0.135205078125000E+01
   0.353000000000000E+05   0.135302734375000E+01
   0.354000000000000E+05   0.135034179687500E+01
   0.355000000000000E+05   0.134960937500000E+01
   0.356000000000000E+05   0.135888671875000E+01
   0.357000000000000E+05   0.135791015625000E+01
   0.358000000000000E+05   0.135742187500000E+01
   0.359000000000000E+05   0.135595703125000E+01
   0.360000000000000E+05   0.136938476562500E+01
   0.361000000000000E+05   0.136328125000000E+01
   0.362000000000000E+05   0.136157226562500E+01
   0.363000000000000E+05   0.136230468750000E+01
   0.364000000000000E+05   0.136035156250000E+01
   0.365000000000000E+05   0.136694335937500E+01
   0.366000000000000E+05   0.136376953125000E+01
   0.367000000000000E+05   0.137548828125000E+01
   0.368000000000000E+05   0.137402343750000E+01
   0.369000000000000E+05   0.136376953125000E+01
   0.370000000000000E+05   0.137939453125000E+01
   0.371000000000000E+05   0.137817382812500E+01
   0.372000000000000E+05   0.138476562500000E+01
   0.373000000000000E+05   0.137792968750000E+01
   0.374000000000000E+05   0.137744140625000E+01
   0.375000000000000E+05   0.138183593750000E+01
   0.376000000000000E+05   0.137670898437500E+01
   0.377000000000000E+05   0.137451171875000E+01
   0.378000000000000E+05   0.138916015625000E+01
   0.379000000000000E+05   0.139526367187500E+01
   0.380000000000000E+05   0.139282226562500E+01
   0.381000000000000E+05   0.139599609375000E+01
   0.382000000000000E+05   0.139648437500000E+01
   0.383000000000000E+05   0.139697265625000E+01
   0.384000000000000E+05   0.139892578125000E+01
   0.385000000000000E+05   0.138671875000000E+01
   0.386000000000000E+05   0.140332031250000E+01
   0.387000000000000E+05   0.139550781250000E+01
   0.388000000000000E+05   0.141015625000000E+01
   0.389000000000000E+05   0.140039062500000E+01
   0.390000000000000E+05   0.140966796875000E+01
   0.391000000000000E+05   0.140185546875000E+01
   0.392000000000000E+05   0.141601562500000E+01
   0.393000000000000E+05   0.141650390625000E+01
   0.394000000000000E+05   0.141796875000000E+01
   0.395000000000000E+05   0.141406250000000E+01
   0.396000000000000E+05   0.142285156250000E+01
   0.397000000000000E+05   0.141064453125000E+01
   0.398000000000000E+05   0.141992187500000E+01
   0.399000000000000E+05   0.140771484375000E+01
   0.400000000000000E+05   0.142822265625000E+01
 
 
