   0.100000000000000E+03   0.129946608145515E+01
   0.200000000000000E+03   0.129782722932259E+01
   0.300000000000000E+03   0.129549840427437E+01
   0.400000000000000E+03   0.129281934562927E+01
   0.500000000000000E+03   0.128999120339313E+01
   0.600000000000000E+03   0.128705673943451E+01
   0.700000000000000E+03   0.128393000784093E+01
   0.800000000000000E+03   0.128038788131870E+01
   0.900000000000000E+03   0.127594556508005E+01
   0.100000000000000E+04   0.126915359304045E+01
   0.110000000000000E+04   0.124661591188422E+01
   0.120000000000000E+04   0.126639573710830E+01
   0.130000000000000E+04   0.125785191031602E+01
   0.140000000000000E+04   0.128824027072210E+01
   0.150000000000000E+04   0.128770961575185E+01
   0.160000000000000E+04   0.128269427525595E+01
   0.170000000000000E+04   0.127899060460572E+01
   0.180000000000000E+04   0.127948817740605E+01
   0.190000000000000E+04   0.128987810793797E+01
   0.200000000000000E+04   0.128988145130074E+01
   0.210000000000000E+04   0.128355504557885E+01
   0.220000000000000E+04   0.128514562879218E+01
   0.230000000000000E+04   0.125130458102853E+01
   0.240000000000000E+04   0.128390064037694E+01
   0.250000000000000E+04   0.129116996900848E+01
   0.260000000000000E+04   0.128507452917165E+01
   0.270000000000000E+04   0.129252393690604E+01
   0.280000000000000E+04   0.129219792610911E+01
   0.290000000000000E+04   0.128323419096159E+01
   0.300000000000000E+04   0.128798540569733E+01
   0.310000000000000E+04   0.129585100054646E+01
   0.320000000000000E+04   0.128169106431596E+01
   0.330000000000000E+04   0.129397566099942E+01
   0.340000000000000E+04   0.129357551165958E+01
   0.350000000000000E+04   0.129360139044729E+01
   0.360000000000000E+04   0.129672934628616E+01
   0.370000000000000E+04   0.115054694435094E+01
   0.380000000000000E+04   0.129866301792208E+01
   0.390000000000000E+04   0.127348167185119E+01
   0.400000000000000E+04   0.129805808189849E+01
   0.410000000000000E+04   0.128542927610397E+01
   0.420000000000000E+04   0.129586556725553E+01
   0.430000000000000E+04   0.128579004286439E+01
   0.440000000000000E+04   0.130146744073136E+01
   0.450000000000000E+04   0.124312208019546E+01
   0.460000000000000E+04   0.129855570793734E+01
   0.470000000000000E+04   0.130235241274931E+01
   0.480000000000000E+04   0.129149162990507E+01
   0.490000000000000E+04   0.129994449432706E+01
   0.500000000000000E+04   0.129291253240081E+01
   0.510000000000000E+04   0.130017425457481E+01
   0.520000000000000E+04   0.130024408543250E+01
   0.530000000000000E+04   0.129880056297407E+01
   0.540000000000000E+04   0.130080716183875E+01
   0.550000000000000E+04   0.130327685410157E+01
   0.560000000000000E+04   0.129961778572761E+01
   0.570000000000000E+04   0.129876039060764E+01
   0.580000000000000E+04   0.130392676440533E+01
   0.590000000000000E+04   0.128843504772522E+01
   0.600000000000000E+04   0.129962027957663E+01
   0.610000000000000E+04   0.130286207376048E+01
   0.620000000000000E+04   0.129911835608073E+01
   0.630000000000000E+04   0.127930557704531E+01
   0.640000000000000E+04   0.129830409446731E+01
   0.650000000000000E+04   0.130014088680036E+01
   0.660000000000000E+04   0.130370442382991E+01
   0.670000000000000E+04   0.130284448014572E+01
   0.680000000000000E+04   0.129553000861779E+01
   0.690000000000000E+04   0.129125896375626E+01
   0.700000000000000E+04   0.130186472553760E+01
   0.710000000000000E+04   0.130023117642850E+01
   0.720000000000000E+04   0.130199825111777E+01
   0.730000000000000E+04   0.130266497004777E+01
   0.740000000000000E+04   0.130433057155460E+01
   0.750000000000000E+04   0.130830640625209E+01
   0.760000000000000E+04   0.129751938581467E+01
   0.770000000000000E+04   0.130061867926270E+01
   0.780000000000000E+04   0.130571927782148E+01
   0.790000000000000E+04   0.130545413121581E+01
   0.800000000000000E+04   0.129724004399031E+01
   0.810000000000000E+04   0.130412693507969E+01
   0.820000000000000E+04   0.130338083580136E+01
   0.830000000000000E+04   0.130359007976949E+01
   0.840000000000000E+04   0.130348610319197E+01
   0.850000000000000E+04   0.129716441407800E+01
   0.860000000000000E+04   0.129821703210473E+01
   0.870000000000000E+04   0.129910637624562E+01
   0.880000000000000E+04   0.129395936429501E+01
   0.890000000000000E+04   0.129730869084597E+01
   0.900000000000000E+04   0.129576873779297E+01
   0.910000000000000E+04   0.129169001057744E+01
   0.920000000000000E+04   0.129931749030948E+01
   0.930000000000000E+04   0.129831460863352E+01
   0.940000000000000E+04   0.129605183005333E+01
   0.950000000000000E+04   0.129486770555377E+01
   0.960000000000000E+04   0.129063743352890E+01
   0.970000000000000E+04   0.128362308442593E+01
   0.980000000000000E+04   0.129834546148777E+01
   0.990000000000000E+04   0.129558999836445E+01
   0.100000000000000E+05   0.129428222030401E+01
   0.101000000000000E+05   0.128287553042173E+01
   0.102000000000000E+05   0.129361813515425E+01
   0.103000000000000E+05   0.129310733824968E+01
   0.104000000000000E+05   0.128612153232098E+01
   0.105000000000000E+05   0.129180906713009E+01
   0.106000000000000E+05   0.129679094254971E+01
   0.107000000000000E+05   0.129109044373035E+01
   0.108000000000000E+05   0.129205831885338E+01
   0.109000000000000E+05   0.128792890906334E+01
   0.110000000000000E+05   0.127777534723282E+01
   0.111000000000000E+05   0.128951539099216E+01
   0.112000000000000E+05   0.128905761241913E+01
   0.113000000000000E+05   0.128911432623863E+01
   0.114000000000000E+05   0.128557947278023E+01
   0.115000000000000E+05   0.126938769221306E+01
   0.116000000000000E+05   0.128146094083786E+01
   0.117000000000000E+05   0.127566367387772E+01
   0.118000000000000E+05   0.128622883558273E+01
   0.119000000000000E+05   0.127889430522919E+01
   0.120000000000000E+05   0.128089624643326E+01
   0.121000000000000E+05   0.127827718853951E+01
   0.122000000000000E+05   0.127612438797951E+01
   0.123000000000000E+05   0.126622465252876E+01
   0.124000000000000E+05   0.127674156427383E+01
   0.125000000000000E+05   0.127991360425949E+01
   0.126000000000000E+05   0.127552402019501E+01
   0.127000000000000E+05   0.127778059244156E+01
   0.128000000000000E+05   0.127470397949219E+01
   0.129000000000000E+05   0.127535247802734E+01
   0.130000000000000E+05   0.127471774816513E+01
   0.131000000000000E+05   0.127318996191025E+01
   0.132000000000000E+05   0.126924848556519E+01
   0.133000000000000E+05   0.127173209190369E+01
   0.134000000000000E+05   0.126645570993423E+01
   0.135000000000000E+05   0.127306473255157E+01
   0.136000000000000E+05   0.127155911922455E+01
   0.137000000000000E+05   0.126383268833160E+01
   0.138000000000000E+05   0.126046335697174E+01
   0.139000000000000E+05   0.126545286178589E+01
   0.140000000000000E+05   0.126667690277100E+01
   0.141000000000000E+05   0.125185203552246E+01
   0.142000000000000E+05   0.125703716278076E+01
   0.143000000000000E+05   0.126587677001953E+01
   0.144000000000000E+05   0.126210415363312E+01
   0.145000000000000E+05   0.126616442203522E+01
   0.146000000000000E+05   0.125966334342957E+01
   0.147000000000000E+05   0.125326347351074E+01
   0.148000000000000E+05   0.125209355354309E+01
   0.149000000000000E+05   0.125610136985779E+01
   0.150000000000000E+05   0.125758767127991E+01
   0.151000000000000E+05   0.125203847885132E+01
   0.152000000000000E+05   0.125612545013428E+01
   0.153000000000000E+05   0.125262022018433E+01
   0.154000000000000E+05   0.125236701965332E+01
   0.155000000000000E+05   0.125153136253357E+01
   0.156000000000000E+05   0.125628542900085E+01
   0.157000000000000E+05   0.125049018859863E+01
   0.158000000000000E+05   0.125233149528503E+01
   0.159000000000000E+05   0.124538135528564E+01
   0.160000000000000E+05   0.124651694297791E+01
   0.161000000000000E+05   0.124546599388123E+01
   0.162000000000000E+05   0.124580430984497E+01
   0.163000000000000E+05   0.124424314498901E+01
   0.164000000000000E+05   0.124677705764771E+01
   0.165000000000000E+05   0.123915052413940E+01
   0.166000000000000E+05   0.123671245574951E+01
   0.167000000000000E+05   0.124137830734253E+01
   0.168000000000000E+05   0.123422861099243E+01
   0.169000000000000E+05   0.123313045501709E+01
   0.170000000000000E+05   0.123528003692627E+01
   0.171000000000000E+05   0.123852539062500E+01
   0.172000000000000E+05   0.123306655883789E+01
   0.173000000000000E+05   0.123584604263306E+01
   0.174000000000000E+05   0.122711515426636E+01
   0.175000000000000E+05   0.115203428268433E+01
   0.176000000000000E+05   0.122921705245972E+01
   0.177000000000000E+05   0.122664165496826E+01
   0.178000000000000E+05   0.122482395172119E+01
   0.179000000000000E+05   0.119335460662842E+01
   0.180000000000000E+05   0.122645664215088E+01
   0.181000000000000E+05   0.122369861602783E+01
   0.182000000000000E+05   0.121581554412842E+01
   0.183000000000000E+05   0.122494888305664E+01
   0.184000000000000E+05   0.121418190002441E+01
   0.185000000000000E+05   0.119598293304443E+01
   0.186000000000000E+05   0.121447944641113E+01
   0.187000000000000E+05   0.121463680267334E+01
   0.188000000000000E+05   0.121175861358643E+01
   0.189000000000000E+05   0.121153831481934E+01
   0.190000000000000E+05   0.120408630371094E+01
   0.191000000000000E+05   0.121493816375732E+01
   0.192000000000000E+05   0.120789432525635E+01
   0.193000000000000E+05   0.121073913574219E+01
   0.194000000000000E+05   0.120821189880371E+01
   0.195000000000000E+05   0.119900321960449E+01
   0.196000000000000E+05   0.119990921020508E+01
   0.197000000000000E+05   0.119761466979980E+01
   0.198000000000000E+05   0.120170211791992E+01
   0.199000000000000E+05   0.118769073486328E+01
   0.200000000000000E+05   0.120251655578613E+01
   0.201000000000000E+05   0.119885253906250E+01
   0.202000000000000E+05   0.119441032409668E+01
   0.203000000000000E+05   0.119802284240723E+01
   0.204000000000000E+05   0.119184303283691E+01
   0.205000000000000E+05   0.118634033203125E+01
   0.206000000000000E+05   0.118664360046387E+01
   0.207000000000000E+05   0.119216918945312E+01
   0.208000000000000E+05   0.119000053405762E+01
   0.209000000000000E+05   0.118955421447754E+01
   0.210000000000000E+05   0.118650817871094E+01
   0.211000000000000E+05   0.118762588500977E+01
   0.212000000000000E+05   0.118468856811523E+01
   0.213000000000000E+05   0.118424224853516E+01
   0.214000000000000E+05   0.118573760986328E+01
   0.215000000000000E+05   0.118029022216797E+01
   0.216000000000000E+05   0.116315078735352E+01
   0.217000000000000E+05   0.117369461059570E+01
   0.218000000000000E+05   0.117934799194336E+01
   0.219000000000000E+05   0.115911483764648E+01
   0.220000000000000E+05   0.117144012451172E+01
   0.221000000000000E+05   0.117123031616211E+01
   0.222000000000000E+05   0.117476654052734E+01
   0.223000000000000E+05   0.117292404174805E+01
   0.224000000000000E+05   0.117239379882812E+01
   0.225000000000000E+05   0.116099548339844E+01
   0.226000000000000E+05   0.116010284423828E+01
   0.227000000000000E+05   0.116175079345703E+01
   0.228000000000000E+05   0.116612625122070E+01
   0.229000000000000E+05   0.116725921630859E+01
   0.230000000000000E+05   0.116081237792969E+01
   0.231000000000000E+05   0.116123962402344E+01
   0.232000000000000E+05   0.116215515136719E+01
   0.233000000000000E+05   0.116017913818359E+01
   0.234000000000000E+05   0.116250610351562E+01
   0.235000000000000E+05   0.115401458740234E+01
   0.236000000000000E+05   0.115568542480469E+01
   0.237000000000000E+05   0.115727233886719E+01
   0.238000000000000E+05   0.115344238281250E+01
   0.239000000000000E+05   0.115096282958984E+01
   0.240000000000000E+05   0.115154266357422E+01
   0.241000000000000E+05   0.114984893798828E+01
   0.242000000000000E+05   0.114804840087891E+01
   0.243000000000000E+05   0.114420318603516E+01
   0.244000000000000E+05   0.114642333984375E+01
   0.245000000000000E+05   0.114491271972656E+01
   0.246000000000000E+05   0.114366912841797E+01
   0.247000000000000E+05   0.114350128173828E+01
   0.248000000000000E+05   0.114732360839844E+01
   0.249000000000000E+05   0.114294433593750E+01
   0.250000000000000E+05   0.113888549804688E+01
   0.251000000000000E+05   0.113934326171875E+01
   0.252000000000000E+05   0.113502502441406E+01
   0.253000000000000E+05   0.114128112792969E+01
   0.254000000000000E+05   0.113890075683594E+01
   0.255000000000000E+05   0.113484191894531E+01
   0.256000000000000E+05   0.113540649414062E+01
   0.257000000000000E+05   0.113415527343750E+01
   0.258000000000000E+05   0.113320922851562E+01
   0.259000000000000E+05   0.113272094726562E+01
   0.260000000000000E+05   0.112693786621094E+01
   0.261000000000000E+05   0.112596130371094E+01
   0.262000000000000E+05   0.112751770019531E+01
   0.263000000000000E+05   0.112451171875000E+01
   0.264000000000000E+05   0.112910461425781E+01
   0.265000000000000E+05   0.112556457519531E+01
   0.266000000000000E+05   0.112432861328125E+01
   0.267000000000000E+05   0.112608337402344E+01
   0.268000000000000E+05   0.112269592285156E+01
   0.269000000000000E+05   0.112411499023438E+01
   0.270000000000000E+05   0.111956787109375E+01
   0.271000000000000E+05   0.112275695800781E+01
   0.272000000000000E+05   0.111972045898438E+01
   0.273000000000000E+05   0.111508178710938E+01
   0.274000000000000E+05   0.111846923828125E+01
   0.275000000000000E+05   0.111920166015625E+01
   0.276000000000000E+05   0.111642456054688E+01
   0.277000000000000E+05   0.111911010742188E+01
   0.278000000000000E+05   0.110952758789062E+01
   0.279000000000000E+05   0.111511230468750E+01
   0.280000000000000E+05   0.111077880859375E+01
   0.281000000000000E+05   0.111456298828125E+01
   0.282000000000000E+05   0.111151123046875E+01
   0.283000000000000E+05   0.111212158203125E+01
   0.284000000000000E+05   0.111090087890625E+01
   0.285000000000000E+05   0.110659790039062E+01
   0.286000000000000E+05   0.110375976562500E+01
   0.287000000000000E+05   0.107437133789062E+01
   0.288000000000000E+05   0.110348510742188E+01
   0.289000000000000E+05   0.110455322265625E+01
   0.290000000000000E+05   0.110339355468750E+01
   0.291000000000000E+05   0.109963989257812E+01
   0.292000000000000E+05   0.110189819335938E+01
   0.293000000000000E+05   0.110748291015625E+01
   0.294000000000000E+05   0.109869384765625E+01
   0.295000000000000E+05   0.109991455078125E+01
   0.296000000000000E+05   0.109820556640625E+01
   0.297000000000000E+05   0.109722900390625E+01
   0.298000000000000E+05   0.108325195312500E+01
   0.299000000000000E+05   0.109082031250000E+01
   0.300000000000000E+05   0.109429931640625E+01
   0.301000000000000E+05   0.109655761718750E+01
   0.302000000000000E+05   0.109613037109375E+01
   0.303000000000000E+05   0.109161376953125E+01
   0.304000000000000E+05   0.109338378906250E+01
   0.305000000000000E+05   0.109472656250000E+01
   0.306000000000000E+05   0.109356689453125E+01
   0.307000000000000E+05   0.109515380859375E+01
   0.308000000000000E+05   0.109185791015625E+01
   0.309000000000000E+05   0.109295654296875E+01
   0.310000000000000E+05   0.109582519531250E+01
   0.311000000000000E+05   0.108837890625000E+01
   0.312000000000000E+05   0.109344482421875E+01
   0.313000000000000E+05   0.109252929687500E+01
   0.314000000000000E+05   0.109063720703125E+01
   0.315000000000000E+05   0.108764648437500E+01
   0.316000000000000E+05   0.108874511718750E+01
   0.317000000000000E+05   0.109014892578125E+01
   0.318000000000000E+05   0.108941650390625E+01
   0.319000000000000E+05   0.108068847656250E+01
   0.320000000000000E+05   0.108953857421875E+01
   0.321000000000000E+05   0.107794189453125E+01
   0.322000000000000E+05   0.108197021484375E+01
   0.323000000000000E+05   0.108349609375000E+01
   0.324000000000000E+05   0.108618164062500E+01
   0.325000000000000E+05   0.108813476562500E+01
   0.326000000000000E+05   0.108679199218750E+01
   0.327000000000000E+05   0.108227539062500E+01
   0.328000000000000E+05   0.108703613281250E+01
   0.329000000000000E+05   0.108093261718750E+01
   0.330000000000000E+05   0.108666992187500E+01
   0.331000000000000E+05   0.108459472656250E+01
   0.332000000000000E+05   0.108349609375000E+01
   0.333000000000000E+05   0.108056640625000E+01
   0.334000000000000E+05   0.108251953125000E+01
   0.335000000000000E+05   0.108435058593750E+01
   0.336000000000000E+05   0.107702636718750E+01
   0.337000000000000E+05   0.106909179687500E+01
   0.338000000000000E+05   0.108142089843750E+01
   0.339000000000000E+05   0.107934570312500E+01
   0.340000000000000E+05   0.108166503906250E+01
   0.341000000000000E+05   0.107910156250000E+01
   0.342000000000000E+05   0.108300781250000E+01
   0.343000000000000E+05   0.108203125000000E+01
   0.344000000000000E+05   0.108337402343750E+01
   0.345000000000000E+05   0.108178710937500E+01
   0.346000000000000E+05   0.108154296875000E+01
   0.347000000000000E+05   0.108496093750000E+01
   0.348000000000000E+05   0.108081054687500E+01
   0.349000000000000E+05   0.107995605468750E+01
   0.350000000000000E+05   0.108203125000000E+01
   0.351000000000000E+05   0.107690429687500E+01
   0.352000000000000E+05   0.107812500000000E+01
   0.353000000000000E+05   0.107958984375000E+01
   0.354000000000000E+05   0.107666015625000E+01
   0.355000000000000E+05   0.107788085937500E+01
   0.356000000000000E+05   0.108105468750000E+01
   0.357000000000000E+05   0.108105468750000E+01
   0.358000000000000E+05   0.107714843750000E+01
   0.359000000000000E+05   0.107812500000000E+01
   0.360000000000000E+05   0.108422851562500E+01
   0.361000000000000E+05   0.108007812500000E+01
   0.362000000000000E+05   0.107861328125000E+01
   0.363000000000000E+05   0.107617187500000E+01
   0.364000000000000E+05   0.107714843750000E+01
   0.365000000000000E+05   0.107934570312500E+01
   0.366000000000000E+05   0.107666015625000E+01
   0.367000000000000E+05   0.108447265625000E+01
   0.368000000000000E+05   0.108129882812500E+01
   0.369000000000000E+05   0.107324218750000E+01
   0.370000000000000E+05   0.108227539062500E+01
   0.371000000000000E+05   0.108300781250000E+01
   0.372000000000000E+05   0.108520507812500E+01
   0.373000000000000E+05   0.107958984375000E+01
   0.374000000000000E+05   0.107666015625000E+01
   0.375000000000000E+05   0.108544921875000E+01
   0.376000000000000E+05   0.108056640625000E+01
   0.377000000000000E+05   0.107324218750000E+01
   0.378000000000000E+05   0.108300781250000E+01
   0.379000000000000E+05   0.108666992187500E+01
   0.380000000000000E+05   0.108569335937500E+01
   0.381000000000000E+05   0.108642578125000E+01
   0.382000000000000E+05   0.108642578125000E+01
   0.383000000000000E+05   0.108593750000000E+01
   0.384000000000000E+05   0.108691406250000E+01
   0.385000000000000E+05   0.107958984375000E+01
   0.386000000000000E+05   0.108789062500000E+01
   0.387000000000000E+05   0.108740234375000E+01
   0.388000000000000E+05   0.108935546875000E+01
   0.389000000000000E+05   0.108300781250000E+01
   0.390000000000000E+05   0.108691406250000E+01
   0.391000000000000E+05   0.108789062500000E+01
   0.392000000000000E+05   0.109423828125000E+01
   0.393000000000000E+05   0.108593750000000E+01
   0.394000000000000E+05   0.109130859375000E+01
   0.395000000000000E+05   0.108935546875000E+01
   0.396000000000000E+05   0.109277343750000E+01
   0.397000000000000E+05   0.108691406250000E+01
   0.398000000000000E+05   0.108935546875000E+01
   0.399000000000000E+05   0.108300781250000E+01
   0.400000000000000E+05   0.109570312500000E+01
 
 
