   0.100000000000000E+03   0.128733207594689E+01
   0.200000000000000E+03   0.128534239850181E+01
   0.300000000000000E+03   0.128222063450379E+01
   0.400000000000000E+03   0.127740643833947E+01
   0.500000000000000E+03   0.126754047015345E+01
   0.600000000000000E+03   0.126549241190032E+01
   0.700000000000000E+03   0.128690860749523E+01
   0.800000000000000E+03   0.128179949619768E+01
   0.900000000000000E+03   0.127887842842332E+01
   0.100000000000000E+04   0.128917185397552E+01
   0.110000000000000E+04   0.128464945310357E+01
   0.120000000000000E+04   0.128351301992241E+01
   0.130000000000000E+04   0.128471087648069E+01
   0.140000000000000E+04   0.129181316643938E+01
   0.150000000000000E+04   0.128766130559680E+01
   0.160000000000000E+04   0.128148252529835E+01
   0.170000000000000E+04   0.129328879055621E+01
   0.180000000000000E+04   0.129645503728501E+01
   0.190000000000000E+04   0.129840299674937E+01
   0.200000000000000E+04   0.129782623307213E+01
   0.210000000000000E+04   0.129568153136741E+01
   0.220000000000000E+04   0.130125144853233E+01
   0.230000000000000E+04   0.129837483328327E+01
   0.240000000000000E+04   0.129135509989495E+01
   0.250000000000000E+04   0.129277128270496E+01
   0.260000000000000E+04   0.130010089490439E+01
   0.270000000000000E+04   0.130065966363747E+01
   0.280000000000000E+04   0.129947814286291E+01
   0.290000000000000E+04   0.130378712327767E+01
   0.300000000000000E+04   0.129950233778722E+01
   0.310000000000000E+04   0.129901135289212E+01
   0.320000000000000E+04   0.129820064305260E+01
   0.330000000000000E+04   0.130358932087055E+01
   0.340000000000000E+04   0.129544793328186E+01
   0.350000000000000E+04   0.130176047828195E+01
   0.360000000000000E+04   0.130189996471686E+01
   0.370000000000000E+04   0.130423236318333E+01
   0.380000000000000E+04   0.129744430287623E+01
   0.390000000000000E+04   0.130562188432089E+01
   0.400000000000000E+04   0.129716746434482E+01
   0.410000000000000E+04   0.130329572109317E+01
   0.420000000000000E+04   0.130340202624458E+01
   0.430000000000000E+04   0.129814528861171E+01
   0.440000000000000E+04   0.129389695102153E+01
   0.450000000000000E+04   0.129570084632573E+01
   0.460000000000000E+04   0.129924641618028E+01
   0.470000000000000E+04   0.129598635578570E+01
   0.480000000000000E+04   0.129058052272506E+01
   0.490000000000000E+04   0.129827723218403E+01
   0.500000000000000E+04   0.129422070489704E+01
   0.510000000000000E+04   0.129355808047781E+01
   0.520000000000000E+04   0.128607179517514E+01
   0.530000000000000E+04   0.129672627405537E+01
   0.540000000000000E+04   0.129200111397971E+01
   0.550000000000000E+04   0.127773412809874E+01
   0.560000000000000E+04   0.128900280634988E+01
   0.570000000000000E+04   0.128552998013514E+01
   0.580000000000000E+04   0.128141495102684E+01
   0.590000000000000E+04   0.128617739090061E+01
   0.600000000000000E+04   0.128085056501444E+01
   0.610000000000000E+04   0.127608371651764E+01
   0.620000000000000E+04   0.127669919051082E+01
   0.630000000000000E+04   0.127548019585180E+01
   0.640000000000000E+04   0.127465931829185E+01
   0.650000000000000E+04   0.127467365086546E+01
   0.660000000000000E+04   0.126920901317384E+01
   0.670000000000000E+04   0.126641726588560E+01
   0.680000000000000E+04   0.127151647645843E+01
   0.690000000000000E+04   0.126042748122020E+01
   0.700000000000000E+04   0.126663716845724E+01
   0.710000000000000E+04   0.125700509074522E+01
   0.720000000000000E+04   0.126206599012773E+01
   0.730000000000000E+04   0.125962493084270E+01
   0.740000000000000E+04   0.125206006022682E+01
   0.750000000000000E+04   0.125755018167486E+01
   0.760000000000000E+04   0.125608746616758E+01
   0.770000000000000E+04   0.125233098553454E+01
   0.780000000000000E+04   0.125624784989426E+01
   0.790000000000000E+04   0.125229354832955E+01
   0.800000000000000E+04   0.124648022802043E+01
   0.810000000000000E+04   0.124576903781767E+01
   0.820000000000000E+04   0.124673991577486E+01
   0.830000000000000E+04   0.123667901056932E+01
   0.840000000000000E+04   0.123419709648123E+01
   0.850000000000000E+04   0.123524819644522E+01
   0.860000000000000E+04   0.123303184258775E+01
   0.870000000000000E+04   0.122708374428615E+01
   0.880000000000000E+04   0.122918325264558E+01
   0.890000000000000E+04   0.122479202019494E+01
   0.900000000000000E+04   0.122642297804465E+01
   0.910000000000000E+04   0.121578742059343E+01
   0.920000000000000E+04   0.121415787793519E+01
   0.930000000000000E+04   0.121444083282196E+01
   0.940000000000000E+04   0.121172988134911E+01
   0.950000000000000E+04   0.120406876964274E+01
   0.960000000000000E+04   0.120785876100141E+01
   0.970000000000000E+04   0.120817406150202E+01
   0.980000000000000E+04   0.119988330467996E+01
   0.990000000000000E+04   0.120167136876768E+01
   0.100000000000000E+05   0.120248620252208E+01
   0.101000000000000E+05   0.119438109050312E+01
   0.102000000000000E+05   0.119181132469917E+01
   0.103000000000000E+05   0.118661288032967E+01
   0.104000000000000E+05   0.118997219562167E+01
   0.105000000000000E+05   0.118647397091049E+01
   0.106000000000000E+05   0.118465452991523E+01
   0.107000000000000E+05   0.118571937692129E+01
   0.108000000000000E+05   0.116311393261040E+01
   0.109000000000000E+05   0.117933245835494E+01
   0.110000000000000E+05   0.117140863859464E+01
   0.111000000000000E+05   0.117472873216434E+01
   0.112000000000000E+05   0.117238943990087E+01
   0.113000000000000E+05   0.116004317551701E+01
   0.114000000000000E+05   0.116612095710006E+01
   0.115000000000000E+05   0.116082404665934E+01
   0.116000000000000E+05   0.116212948128231E+01
   0.117000000000000E+05   0.116245446955973E+01
   0.118000000000000E+05   0.115566437763586E+01
   0.119000000000000E+05   0.115335754806510E+01
   0.120000000000000E+05   0.115151173831060E+01
   0.121000000000000E+05   0.114814952340105E+01
   0.122000000000000E+05   0.114638535298107E+01
   0.123000000000000E+05   0.114365795055047E+01
   0.124000000000000E+05   0.114734457951597E+01
   0.125000000000000E+05   0.113885332569071E+01
   0.126000000000000E+05   0.113505934276054E+01
   0.127000000000000E+05   0.113881950395874E+01
   0.128000000000000E+05   0.113528954401212E+01
   0.129000000000000E+05   0.113328587551072E+01
   0.130000000000000E+05   0.112688894921426E+01
   0.131000000000000E+05   0.112752415591585E+01
   0.132000000000000E+05   0.112898701147567E+01
   0.133000000000000E+05   0.112413945780623E+01
   0.134000000000000E+05   0.112273721042705E+01
   0.135000000000000E+05   0.111946326778913E+01
   0.136000000000000E+05   0.111955456883317E+01
   0.137000000000000E+05   0.111852342905824E+01
   0.138000000000000E+05   0.111642485739734E+01
   0.139000000000000E+05   0.110933767447566E+01
   0.140000000000000E+05   0.111071223322772E+01
   0.141000000000000E+05   0.111156308130935E+01
   0.142000000000000E+05   0.111084878112405E+01
   0.143000000000000E+05   0.110391913114466E+01
   0.144000000000000E+05   0.110352505594784E+01
   0.145000000000000E+05   0.110308243305719E+01
   0.146000000000000E+05   0.110175322576921E+01
   0.147000000000000E+05   0.109874446978687E+01
   0.148000000000000E+05   0.109799330943866E+01
   0.149000000000000E+05   0.108323793557202E+01
   0.150000000000000E+05   0.109434966175471E+01
   0.151000000000000E+05   0.109660074883045E+01
   0.152000000000000E+05   0.109348095191485E+01
   0.153000000000000E+05   0.109372718503748E+01
   0.154000000000000E+05   0.109157391068380E+01
   0.155000000000000E+05   0.109652747898562E+01
   0.156000000000000E+05   0.109360452421966E+01
   0.157000000000000E+05   0.109031605777012E+01
   0.158000000000000E+05   0.108915007842070E+01
   0.159000000000000E+05   0.108912780300944E+01
   0.160000000000000E+05   0.108923872299800E+01
   0.161000000000000E+05   0.108141384320248E+01
   0.162000000000000E+05   0.108560863343153E+01
   0.163000000000000E+05   0.108657734209646E+01
   0.164000000000000E+05   0.108662753003080E+01
   0.165000000000000E+05   0.108692359060354E+01
   0.166000000000000E+05   0.108309804493775E+01
   0.167000000000000E+05   0.108224652206958E+01
   0.168000000000000E+05   0.107682129468642E+01
   0.169000000000000E+05   0.108190868959990E+01
   0.170000000000000E+05   0.108128442922933E+01
   0.171000000000000E+05   0.108217389136120E+01
   0.172000000000000E+05   0.108248360703974E+01
   0.173000000000000E+05   0.108107645990504E+01
   0.174000000000000E+05   0.108141739123576E+01
   0.175000000000000E+05   0.108119993491080E+01
   0.176000000000000E+05   0.107998594041857E+01
   0.177000000000000E+05   0.107783809809248E+01
   0.178000000000000E+05   0.108172372325310E+01
   0.179000000000000E+05   0.107838065425010E+01
   0.180000000000000E+05   0.108381465658030E+01
   0.181000000000000E+05   0.107920092480325E+01
   0.182000000000000E+05   0.107810787872967E+01
   0.183000000000000E+05   0.107818054645207E+01
   0.184000000000000E+05   0.108247024363326E+01
   0.185000000000000E+05   0.108276119400660E+01
   0.186000000000000E+05   0.108344442072481E+01
   0.187000000000000E+05   0.107889980256095E+01
   0.188000000000000E+05   0.107886451678712E+01
   0.189000000000000E+05   0.108391446773925E+01
   0.190000000000000E+05   0.108563490240403E+01
   0.191000000000000E+05   0.108713388008300E+01
   0.192000000000000E+05   0.108535646829172E+01
   0.193000000000000E+05   0.108801363370746E+01
   0.194000000000000E+05   0.109121691139814E+01
   0.195000000000000E+05   0.108804197949241E+01
   0.196000000000000E+05   0.109173517565520E+01
   0.197000000000000E+05   0.109114009185633E+01
   0.198000000000000E+05   0.109253056038437E+01
   0.199000000000000E+05   0.109005564793143E+01
   0.200000000000000E+05   0.109391094081926E+01
   0.201000000000000E+05   0.109130831726552E+01
   0.202000000000000E+05   0.109475719660049E+01
   0.203000000000000E+05   0.109028685819691E+01
   0.204000000000000E+05   0.109409455604873E+01
   0.205000000000000E+05   0.110021840015157E+01
   0.206000000000000E+05   0.110411295056301E+01
   0.207000000000000E+05   0.109837114485726E+01
   0.208000000000000E+05   0.110427884862305E+01
   0.209000000000000E+05   0.110491479205513E+01
   0.210000000000000E+05   0.109962564749739E+01
   0.211000000000000E+05   0.110824112465907E+01
   0.212000000000000E+05   0.111035097556325E+01
   0.213000000000000E+05   0.111389485000632E+01
   0.214000000000000E+05   0.111087425159637E+01
   0.215000000000000E+05   0.111516824572916E+01
   0.216000000000000E+05   0.110603706583559E+01
   0.217000000000000E+05   0.112031131474865E+01
   0.218000000000000E+05   0.112212838147759E+01
   0.219000000000000E+05   0.112471027813618E+01
   0.220000000000000E+05   0.112832191448437E+01
   0.221000000000000E+05   0.112308424451003E+01
   0.222000000000000E+05   0.112912798260814E+01
   0.223000000000000E+05   0.112977789487771E+01
   0.224000000000000E+05   0.113253355271988E+01
   0.225000000000000E+05   0.113786863350666E+01
   0.226000000000000E+05   0.113669448311621E+01
   0.227000000000000E+05   0.114341534375627E+01
   0.228000000000000E+05   0.114503682768998E+01
   0.229000000000000E+05   0.114576798317986E+01
   0.230000000000000E+05   0.115404256970651E+01
   0.231000000000000E+05   0.115528594844290E+01
   0.232000000000000E+05   0.116062258681737E+01
   0.233000000000000E+05   0.115822190676994E+01
   0.234000000000000E+05   0.115244998490803E+01
   0.235000000000000E+05   0.116830686180108E+01
   0.236000000000000E+05   0.116925668562914E+01
   0.237000000000000E+05   0.117609945785649E+01
   0.238000000000000E+05   0.118316140115863E+01
   0.239000000000000E+05   0.118063658153325E+01
   0.240000000000000E+05   0.118401337685927E+01
   0.241000000000000E+05   0.118711734393365E+01
   0.242000000000000E+05   0.119245541392693E+01
   0.243000000000000E+05   0.119621360923830E+01
   0.244000000000000E+05   0.120023979160855E+01
   0.245000000000000E+05   0.119521484664002E+01
   0.246000000000000E+05   0.120245051616261E+01
   0.247000000000000E+05   0.120867911228747E+01
   0.248000000000000E+05   0.122007309203576E+01
   0.249000000000000E+05   0.120890208264776E+01
   0.250000000000000E+05   0.122254369153390E+01
   0.251000000000000E+05   0.122859203941841E+01
   0.252000000000000E+05   0.124027072791437E+01
   0.253000000000000E+05   0.123643092009478E+01
   0.254000000000000E+05   0.124746222558088E+01
   0.255000000000000E+05   0.125105617699982E+01
   0.256000000000000E+05   0.125359563206673E+01
   0.257000000000000E+05   0.126087574903203E+01
   0.258000000000000E+05   0.126140743566268E+01
   0.259000000000000E+05   0.125692041114935E+01
   0.260000000000000E+05   0.127777120787575E+01
   0.261000000000000E+05   0.126549411204449E+01
   0.262000000000000E+05   0.127952968497813E+01
   0.263000000000000E+05   0.129233524510232E+01
   0.264000000000000E+05   0.129260430919794E+01
   0.265000000000000E+05   0.130060859949327E+01
   0.266000000000000E+05   0.130664619648576E+01
   0.267000000000000E+05   0.131895331221551E+01
   0.268000000000000E+05   0.132559321433603E+01
   0.269000000000000E+05   0.132174491289345E+01
   0.270000000000000E+05   0.133678250212418E+01
   0.271000000000000E+05   0.134426832658877E+01
   0.272000000000000E+05   0.134617091267766E+01
   0.273000000000000E+05   0.135938573257952E+01
   0.274000000000000E+05   0.136684156837454E+01
   0.275000000000000E+05   0.137114427605029E+01
   0.276000000000000E+05   0.138078798349647E+01
   0.277000000000000E+05   0.139418400634865E+01
   0.278000000000000E+05   0.138792029630328E+01
   0.279000000000000E+05   0.140699129506414E+01
   0.280000000000000E+05   0.141610069256107E+01
   0.281000000000000E+05   0.142771640719289E+01
   0.282000000000000E+05   0.143505257053721E+01
   0.283000000000000E+05   0.143924212521578E+01
   0.284000000000000E+05   0.145593735496858E+01
   0.285000000000000E+05   0.146340403166354E+01
   0.286000000000000E+05   0.146439496470871E+01
   0.287000000000000E+05   0.148503124247046E+01
   0.288000000000000E+05   0.149220359109296E+01
   0.289000000000000E+05   0.151133911945437E+01
   0.290000000000000E+05   0.151775842293894E+01
   0.291000000000000E+05   0.150985033815425E+01
   0.292000000000000E+05   0.154355474201996E+01
   0.293000000000000E+05   0.155492063758182E+01
   0.294000000000000E+05   0.158041873137933E+01
   0.295000000000000E+05   0.159757700784584E+01
   0.296000000000000E+05   0.161508770861385E+01
   0.297000000000000E+05   0.163270410843020E+01
   0.298000000000000E+05   0.164861532420077E+01
   0.299000000000000E+05   0.166859649976197E+01
   0.300000000000000E+05   0.170056029996938E+01
   0.301000000000000E+05   0.172481087063792E+01
   0.302000000000000E+05   0.174659940001223E+01
   0.303000000000000E+05   0.174228049019039E+01
   0.304000000000000E+05   0.182109650816418E+01
   0.305000000000000E+05   0.185068518517787E+01
   0.306000000000000E+05   0.188665275288312E+01
   0.307000000000000E+05   0.191186188427015E+01
   0.308000000000000E+05   0.201148195204936E+01
   0.309000000000000E+05   0.203601856595880E+01
   0.310000000000000E+05   0.213295909117637E+01
   0.311000000000000E+05   0.221630446450423E+01
   0.312000000000000E+05   0.232590258105102E+01
   0.313000000000000E+05   0.242927149054911E+01
   0.314000000000000E+05   0.257908900613327E+01
   0.315000000000000E+05   0.276546639456598E+01
   0.316000000000000E+05   0.298904056965960E+01
   0.317000000000000E+05   0.325001413267726E+01
   0.318000000000000E+05   0.361571232214116E+01
   0.319000000000000E+05   0.403563452900894E+01
   0.320000000000000E+05   0.469009332634731E+01
   0.321000000000000E+05   0.560662664437739E+01
   0.322000000000000E+05   0.698566918473688E+01
   0.323000000000000E+05   0.924145470557002E+01
   0.324000000000000E+05   0.124763317639447E+02
   0.325000000000000E+05   0.157019367189785E+02
   0.326000000000000E+05   0.182377723569291E+02
   0.327000000000000E+05   0.177343210079808E+02
   0.328000000000000E+05   0.143537874935027E+02
   0.329000000000000E+05   0.101856780452230E+02
   0.330000000000000E+05   0.761786239748134E+01
   0.331000000000000E+05   0.606234054737797E+01
   0.332000000000000E+05   0.470846449134103E+01
   0.333000000000000E+05   0.373619189321478E+01
   0.334000000000000E+05   0.318937862417760E+01
   0.335000000000000E+05   0.287046363381525E+01
   0.336000000000000E+05   0.249575147241823E+01
   0.337000000000000E+05   0.229514375078222E+01
   0.338000000000000E+05   0.215350460826050E+01
   0.339000000000000E+05   0.201649632713238E+01
   0.340000000000000E+05   0.190514362847537E+01
   0.341000000000000E+05   0.184358894078096E+01
   0.342000000000000E+05   0.176188138681072E+01
   0.343000000000000E+05   0.170128085276914E+01
   0.344000000000000E+05   0.166085414612211E+01
   0.345000000000000E+05   0.161659074403197E+01
   0.346000000000000E+05   0.159003917564728E+01
   0.347000000000000E+05   0.155740206611523E+01
   0.348000000000000E+05   0.153353516385948E+01
   0.349000000000000E+05   0.150830882514049E+01
   0.350000000000000E+05   0.150029213583789E+01
   0.351000000000000E+05   0.145970347221725E+01
   0.352000000000000E+05   0.145553018604893E+01
   0.353000000000000E+05   0.142724097096725E+01
   0.354000000000000E+05   0.142680354655766E+01
   0.355000000000000E+05   0.139631840293123E+01
   0.356000000000000E+05   0.138113604458225E+01
   0.357000000000000E+05   0.137630644584258E+01
   0.358000000000000E+05   0.135784992147619E+01
   0.359000000000000E+05   0.134496146155495E+01
   0.360000000000000E+05   0.132993509003858E+01
   0.361000000000000E+05   0.130967553056738E+01
   0.362000000000000E+05   0.130474712388491E+01
   0.363000000000000E+05   0.128926829158472E+01
   0.364000000000000E+05   0.128486025877738E+01
   0.365000000000000E+05   0.125181334517573E+01
   0.366000000000000E+05   0.125696773022648E+01
   0.367000000000000E+05   0.123754412141825E+01
   0.368000000000000E+05   0.123799580301733E+01
   0.369000000000000E+05   0.119908672321624E+01
   0.370000000000000E+05   0.120358102210294E+01
   0.371000000000000E+05   0.116760726569433E+01
   0.372000000000000E+05   0.117673934231428E+01
   0.373000000000000E+05   0.116627251281973E+01
   0.374000000000000E+05   0.115287282160475E+01
   0.375000000000000E+05   0.114161303961593E+01
   0.376000000000000E+05   0.113141997194986E+01
   0.377000000000000E+05   0.111349319602744E+01
   0.378000000000000E+05   0.109617125917562E+01
   0.379000000000000E+05   0.108001608129517E+01
   0.380000000000000E+05   0.106969247709447E+01
   0.381000000000000E+05   0.105129062901634E+01
   0.382000000000000E+05   0.103742745071408E+01
   0.383000000000000E+05   0.102899725074469E+01
   0.384000000000000E+05   0.101452648175914E+01
   0.385000000000000E+05   0.100641780748731E+01
   0.386000000000000E+05   0.986353277423737E+00
   0.387000000000000E+05   0.965439296545139E+00
   0.388000000000000E+05   0.950009379523404E+00
   0.389000000000000E+05   0.937269141392866E+00
   0.390000000000000E+05   0.914926582171509E+00
   0.391000000000000E+05   0.907393935477918E+00
   0.392000000000000E+05   0.884660243576907E+00
   0.393000000000000E+05   0.881292387460980E+00
   0.394000000000000E+05   0.860042478333129E+00
   0.395000000000000E+05   0.838001118412947E+00
   0.396000000000000E+05   0.826301188676414E+00
   0.397000000000000E+05   0.805912249384536E+00
   0.398000000000000E+05   0.796190836605275E+00
   0.399000000000000E+05   0.776602742590090E+00
   0.400000000000000E+05   0.768006854016170E+00
 
 
