   0.000000000000000E+00   0.130406685180700E+01
   0.100000000000000E+03   0.130324552464362E+01
   0.200000000000000E+03   0.130105345467541E+01
   0.300000000000000E+03   0.129791066613164E+01
   0.400000000000000E+03   0.129383658280572E+01
   0.500000000000000E+03   0.128806013209708E+01
   0.600000000000000E+03   0.127587449924597E+01
   0.700000000000000E+03   0.127672003766209E+01
   0.800000000000000E+03   0.129842028899192E+01
   0.900000000000000E+03   0.129583769065878E+01
   0.100000000000000E+04   0.129071787033206E+01
   0.110000000000000E+04   0.130148241921843E+01
   0.120000000000000E+04   0.128299959085031E+01
   0.130000000000000E+04   0.128889704425645E+01
   0.140000000000000E+04   0.128554372332208E+01
   0.150000000000000E+04   0.129542073235119E+01
   0.160000000000000E+04   0.130165951750039E+01
   0.170000000000000E+04   0.125408400650831E+01
   0.180000000000000E+04   0.130580103932060E+01
   0.190000000000000E+04   0.130301715231120E+01
   0.200000000000000E+04   0.127216905921665E+01
   0.210000000000000E+04   0.130198947217627E+01
   0.220000000000000E+04   0.130817417611530E+01
   0.230000000000000E+04   0.130382051906395E+01
   0.240000000000000E+04   0.131035537880288E+01
   0.250000000000000E+04   0.131723224525877E+01
   0.260000000000000E+04   0.129814843575213E+01
   0.270000000000000E+04   0.128077505268988E+01
   0.280000000000000E+04   0.122322022388676E+01
   0.290000000000000E+04   0.131380084228078E+01
   0.300000000000000E+04   0.131319978493264E+01
   0.310000000000000E+04   0.131332416522832E+01
   0.320000000000000E+04   0.131275262229269E+01
   0.330000000000000E+04   0.130416996821896E+01
   0.340000000000000E+04   0.129951423629723E+01
   0.350000000000000E+04   0.130539138438826E+01
   0.360000000000000E+04   0.130857476454889E+01
   0.370000000000000E+04   0.131009432528663E+01
   0.380000000000000E+04   0.131575141471467E+01
   0.390000000000000E+04   0.131710638769800E+01
   0.400000000000000E+04   0.131746217763521E+01
   0.410000000000000E+04   0.131656042777195E+01
   0.420000000000000E+04   0.131910862565792E+01
   0.430000000000000E+04   0.129916003798598E+01
   0.440000000000000E+04   0.132528691155676E+01
   0.450000000000000E+04   0.132629815484779E+01
   0.460000000000000E+04   0.130973543452910E+01
   0.470000000000000E+04   0.131369621980048E+01
   0.480000000000000E+04   0.132443457320733E+01
   0.490000000000000E+04   0.131927212526080E+01
   0.500000000000000E+04   0.132582620323592E+01
   0.510000000000000E+04   0.131564178628287E+01
   0.520000000000000E+04   0.131557075198543E+01
   0.530000000000000E+04   0.132400715045696E+01
   0.540000000000000E+04   0.131862496569192E+01
   0.550000000000000E+04   0.131092374450600E+01
   0.560000000000000E+04   0.131068390475048E+01
   0.570000000000000E+04   0.131920564988468E+01
   0.580000000000000E+04   0.132051060050071E+01
   0.590000000000000E+04   0.131795406393576E+01
   0.600000000000000E+04   0.132021454049027E+01
   0.610000000000000E+04   0.126777857979687E+01
   0.620000000000000E+04   0.129475929082400E+01
   0.630000000000000E+04   0.132276071889646E+01
   0.640000000000000E+04   0.132342485426489E+01
   0.650000000000000E+04   0.132167163328995E+01
   0.660000000000000E+04   0.130062573647592E+01
   0.670000000000000E+04   0.131918292438058E+01
   0.680000000000000E+04   0.123086192792834E+01
   0.690000000000000E+04   0.132145863844198E+01
   0.700000000000000E+04   0.131103191831789E+01
   0.710000000000000E+04   0.130748181056697E+01
   0.720000000000000E+04   0.131476448070316E+01
   0.730000000000000E+04   0.132393862701429E+01
   0.740000000000000E+04   0.131742180071888E+01
   0.750000000000000E+04   0.130147254392796E+01
   0.760000000000000E+04   0.131271132937400E+01
   0.770000000000000E+04   0.131519117896096E+01
   0.780000000000000E+04   0.131220342800952E+01
   0.790000000000000E+04   0.132592842087615E+01
   0.800000000000000E+04   0.130980787650333E+01
   0.810000000000000E+04   0.131989943687222E+01
   0.820000000000000E+04   0.131625584661379E+01
   0.830000000000000E+04   0.130745646628202E+01
   0.840000000000000E+04   0.131762342233560E+01
   0.850000000000000E+04   0.131492977397284E+01
   0.860000000000000E+04   0.131349708948983E+01
   0.870000000000000E+04   0.130898276623338E+01
   0.880000000000000E+04   0.131269851786783E+01
   0.890000000000000E+04   0.117739127529785E+01
   0.900000000000000E+04   0.130601520865457E+01
   0.910000000000000E+04   0.131016578245908E+01
   0.920000000000000E+04   0.130864602455404E+01
   0.930000000000000E+04   0.131038699881174E+01
   0.940000000000000E+04   0.130308491108008E+01
   0.950000000000000E+04   0.130489512032364E+01
   0.960000000000000E+04   0.130833405221347E+01
   0.970000000000000E+04   0.129046353010926E+01
   0.980000000000000E+04   0.130946826993022E+01
   0.990000000000000E+04   0.130225308705121E+01
   0.100000000000000E+05   0.131463708111551E+01
   0.101000000000000E+05   0.130473440187052E+01
   0.102000000000000E+05   0.131011386192404E+01
   0.103000000000000E+05   0.131474935961887E+01
   0.104000000000000E+05   0.131169976200908E+01
   0.105000000000000E+05   0.130538886459544E+01
   0.106000000000000E+05   0.131368185696192E+01
   0.107000000000000E+05   0.131028873031028E+01
   0.108000000000000E+05   0.130649987864308E+01
   0.109000000000000E+05   0.130511358682998E+01
   0.110000000000000E+05   0.128102513891645E+01
   0.111000000000000E+05   0.130510122049600E+01
   0.112000000000000E+05   0.130573609215207E+01
   0.113000000000000E+05   0.130251935636625E+01
   0.114000000000000E+05   0.130546969408169E+01
   0.115000000000000E+05   0.130376078095287E+01
   0.116000000000000E+05   0.130552298622206E+01
   0.117000000000000E+05   0.130154988029972E+01
   0.118000000000000E+05   0.130382005264983E+01
   0.119000000000000E+05   0.130007477477193E+01
   0.120000000000000E+05   0.129087900510058E+01
   0.121000000000000E+05   0.129756521061063E+01
   0.122000000000000E+05   0.129179761093110E+01
   0.123000000000000E+05   0.130024422286078E+01
   0.124000000000000E+05   0.130391024891287E+01
   0.125000000000000E+05   0.129767003469169E+01
   0.126000000000000E+05   0.128775763604790E+01
   0.127000000000000E+05   0.129728925786912E+01
   0.128000000000000E+05   0.130121691711247E+01
   0.129000000000000E+05   0.129777099285275E+01
   0.130000000000000E+05   0.130083524528891E+01
   0.131000000000000E+05   0.130390843655914E+01
   0.132000000000000E+05   0.129666203167289E+01
   0.133000000000000E+05   0.129395561758429E+01
   0.134000000000000E+05   0.130023449379951E+01
   0.135000000000000E+05   0.129655584320426E+01
   0.136000000000000E+05   0.129186534695327E+01
   0.137000000000000E+05   0.129809948243201E+01
   0.138000000000000E+05   0.129715331271291E+01
   0.139000000000000E+05   0.130176101997495E+01
   0.140000000000000E+05   0.128968943655491E+01
   0.141000000000000E+05   0.130277824774384E+01
   0.142000000000000E+05   0.129433307424188E+01
   0.143000000000000E+05   0.130063920281827E+01
   0.144000000000000E+05   0.130132811889052E+01
   0.145000000000000E+05   0.129273916408420E+01
   0.146000000000000E+05   0.129432472959161E+01
   0.147000000000000E+05   0.130145265534520E+01
   0.148000000000000E+05   0.129561290144920E+01
   0.149000000000000E+05   0.129620419442654E+01
   0.150000000000000E+05   0.129938243702054E+01
   0.151000000000000E+05   0.130243962630630E+01
   0.152000000000000E+05   0.129397613182664E+01
   0.153000000000000E+05   0.129781281575561E+01
   0.154000000000000E+05   0.130334468930960E+01
   0.155000000000000E+05   0.129918965324759E+01
   0.156000000000000E+05   0.130587793514132E+01
   0.157000000000000E+05   0.129591391608119E+01
   0.158000000000000E+05   0.129916943237185E+01
   0.159000000000000E+05   0.130703166499734E+01
   0.160000000000000E+05   0.130433724448085E+01
   0.161000000000000E+05   0.129575536027551E+01
   0.162000000000000E+05   0.130676551163197E+01
   0.163000000000000E+05   0.130555596202612E+01
   0.164000000000000E+05   0.129811084270477E+01
   0.165000000000000E+05   0.130308988690376E+01
   0.166000000000000E+05   0.130065160989761E+01
   0.167000000000000E+05   0.130969255417585E+01
   0.168000000000000E+05   0.129935245215893E+01
   0.169000000000000E+05   0.131194157153368E+01
   0.170000000000000E+05   0.129976018518209E+01
   0.171000000000000E+05   0.130602730810642E+01
   0.172000000000000E+05   0.130467654764652E+01
   0.173000000000000E+05   0.131613097339869E+01
   0.174000000000000E+05   0.130777204781771E+01
   0.175000000000000E+05   0.131433296203613E+01
   0.176000000000000E+05   0.129332195967436E+01
   0.177000000000000E+05   0.131586956232786E+01
   0.178000000000000E+05   0.128031459450722E+01
   0.179000000000000E+05   0.128705389797688E+01
   0.180000000000000E+05   0.130210243165493E+01
   0.181000000000000E+05   0.131493265926838E+01
   0.182000000000000E+05   0.132190401852131E+01
   0.183000000000000E+05   0.131190548837185E+01
   0.184000000000000E+05   0.132205978035927E+01
   0.185000000000000E+05   0.132465194165707E+01
   0.186000000000000E+05   0.132129490375519E+01
   0.187000000000000E+05   0.132723991572857E+01
   0.188000000000000E+05   0.133095170557499E+01
   0.189000000000000E+05   0.132996390759945E+01
   0.190000000000000E+05   0.133783043920994E+01
   0.191000000000000E+05   0.133159241080284E+01
   0.192000000000000E+05   0.132698105275631E+01
   0.193000000000000E+05   0.133205582201481E+01
   0.194000000000000E+05   0.134160861372948E+01
   0.195000000000000E+05   0.133377933502197E+01
   0.196000000000000E+05   0.133815741539001E+01
   0.197000000000000E+05   0.133778905868530E+01
   0.198000000000000E+05   0.134658890962601E+01
   0.199000000000000E+05   0.134956267476082E+01
   0.200000000000000E+05   0.134904715418816E+01
   0.201000000000000E+05   0.135031664371490E+01
   0.202000000000000E+05   0.135198539495468E+01
   0.203000000000000E+05   0.133771261572838E+01
   0.204000000000000E+05   0.135107472538948E+01
   0.205000000000000E+05   0.136376070976257E+01
   0.206000000000000E+05   0.135366424918175E+01
   0.207000000000000E+05   0.135987472534180E+01
   0.208000000000000E+05   0.136299231648445E+01
   0.209000000000000E+05   0.136187991499901E+01
   0.210000000000000E+05   0.137036418914795E+01
   0.211000000000000E+05   0.135988789796829E+01
   0.212000000000000E+05   0.136819005012512E+01
   0.213000000000000E+05   0.137508058547974E+01
   0.214000000000000E+05   0.137479066848755E+01
   0.215000000000000E+05   0.136051189899445E+01
   0.216000000000000E+05   0.138324511051178E+01
   0.217000000000000E+05   0.139046132564545E+01
   0.218000000000000E+05   0.138789558410645E+01
   0.219000000000000E+05   0.139154011011124E+01
   0.220000000000000E+05   0.138407760858536E+01
   0.221000000000000E+05   0.139023053646088E+01
   0.222000000000000E+05   0.138258492946625E+01
   0.223000000000000E+05   0.139135122299194E+01
   0.224000000000000E+05   0.139957070350647E+01
   0.225000000000000E+05   0.140068519115448E+01
   0.226000000000000E+05   0.140899705886841E+01
   0.227000000000000E+05   0.141432780027390E+01
   0.228000000000000E+05   0.140625143051147E+01
   0.229000000000000E+05   0.137372088432312E+01
   0.230000000000000E+05   0.142371755838394E+01
   0.231000000000000E+05   0.142490255832672E+01
   0.232000000000000E+05   0.141899394989014E+01
   0.233000000000000E+05   0.142278611660004E+01
   0.234000000000000E+05   0.143411052227020E+01
   0.235000000000000E+05   0.144624805450439E+01
   0.236000000000000E+05   0.143169140815735E+01
   0.237000000000000E+05   0.145232808589935E+01
   0.238000000000000E+05   0.145320832729340E+01
   0.239000000000000E+05   0.144915235042572E+01
   0.240000000000000E+05   0.145974063873291E+01
   0.241000000000000E+05   0.145816147327423E+01
   0.242000000000000E+05   0.146698999404907E+01
   0.243000000000000E+05   0.147026097774506E+01
   0.244000000000000E+05   0.147917568683624E+01
   0.245000000000000E+05   0.147739386558533E+01
   0.246000000000000E+05   0.147367179393768E+01
   0.247000000000000E+05   0.146584534645081E+01
   0.248000000000000E+05   0.149535381793976E+01
   0.249000000000000E+05   0.149683845043182E+01
   0.250000000000000E+05   0.149140250682831E+01
   0.251000000000000E+05   0.150354862213135E+01
   0.252000000000000E+05   0.150852656364441E+01
   0.253000000000000E+05   0.150821399688721E+01
   0.254000000000000E+05   0.152320098876953E+01
   0.255000000000000E+05   0.152020096778870E+01
   0.256000000000000E+05   0.152727198600769E+01
   0.257000000000000E+05   0.153271079063416E+01
   0.258000000000000E+05   0.154407024383545E+01
   0.259000000000000E+05   0.154272365570068E+01
   0.260000000000000E+05   0.155511856079102E+01
   0.261000000000000E+05   0.156089234352112E+01
   0.262000000000000E+05   0.155702638626099E+01
   0.263000000000000E+05   0.154062724113464E+01
   0.264000000000000E+05   0.157520866394043E+01
   0.265000000000000E+05   0.157293748855591E+01
   0.266000000000000E+05   0.156237101554871E+01
   0.267000000000000E+05   0.158820700645447E+01
   0.268000000000000E+05   0.159617137908936E+01
   0.269000000000000E+05   0.157394170761108E+01
   0.270000000000000E+05   0.159499096870422E+01
   0.271000000000000E+05   0.160498976707458E+01
   0.272000000000000E+05   0.158371329307556E+01
   0.273000000000000E+05   0.160739374160767E+01
   0.274000000000000E+05   0.162012529373169E+01
   0.275000000000000E+05   0.163205671310425E+01
   0.276000000000000E+05   0.163465547561646E+01
   0.277000000000000E+05   0.164461946487427E+01
   0.278000000000000E+05   0.163217735290527E+01
   0.279000000000000E+05   0.166080713272095E+01
   0.280000000000000E+05   0.165706539154053E+01
   0.281000000000000E+05   0.167239952087402E+01
   0.282000000000000E+05   0.167087554931641E+01
   0.283000000000000E+05   0.167305374145508E+01
   0.284000000000000E+05   0.169032287597656E+01
   0.285000000000000E+05   0.169686079025269E+01
   0.286000000000000E+05   0.165317440032959E+01
   0.287000000000000E+05   0.170776319503784E+01
   0.288000000000000E+05   0.172171258926392E+01
   0.289000000000000E+05   0.172394180297852E+01
   0.290000000000000E+05   0.174027490615845E+01
   0.291000000000000E+05   0.174489068984985E+01
   0.292000000000000E+05   0.174410629272461E+01
   0.293000000000000E+05   0.175822973251343E+01
   0.294000000000000E+05   0.176337909698486E+01
   0.295000000000000E+05   0.176089572906494E+01
   0.296000000000000E+05   0.175664377212524E+01
   0.297000000000000E+05   0.178606128692627E+01
   0.298000000000000E+05   0.177968692779541E+01
   0.299000000000000E+05   0.180743408203125E+01
   0.300000000000000E+05   0.181746864318848E+01
   0.301000000000000E+05   0.181876182556152E+01
   0.302000000000000E+05   0.182550621032715E+01
   0.303000000000000E+05   0.181966876983643E+01
   0.304000000000000E+05   0.182977485656738E+01
   0.305000000000000E+05   0.183778762817383E+01
   0.306000000000000E+05   0.185221004486084E+01
   0.307000000000000E+05   0.185280227661133E+01
   0.308000000000000E+05   0.186619758605957E+01
   0.309000000000000E+05   0.187173366546631E+01
   0.310000000000000E+05   0.188821029663086E+01
   0.311000000000000E+05   0.188993740081787E+01
   0.312000000000000E+05   0.190763950347900E+01
   0.313000000000000E+05   0.191386890411377E+01
   0.314000000000000E+05   0.192206668853760E+01
   0.315000000000000E+05   0.193768978118896E+01
   0.316000000000000E+05   0.194050025939941E+01
   0.317000000000000E+05   0.193324565887451E+01
   0.318000000000000E+05   0.190589714050293E+01
   0.319000000000000E+05   0.198265743255615E+01
   0.320000000000000E+05   0.198336791992188E+01
   0.321000000000000E+05   0.199172210693359E+01
   0.322000000000000E+05   0.200783538818359E+01
   0.323000000000000E+05   0.198036289215088E+01
   0.324000000000000E+05   0.201651287078857E+01
   0.325000000000000E+05   0.203140258789062E+01
   0.326000000000000E+05   0.203871726989746E+01
   0.327000000000000E+05   0.205280113220215E+01
   0.328000000000000E+05   0.205053520202637E+01
   0.329000000000000E+05   0.207909393310547E+01
   0.330000000000000E+05   0.208809089660645E+01
   0.331000000000000E+05   0.209824180603027E+01
   0.332000000000000E+05   0.210507202148438E+01
   0.333000000000000E+05   0.211794471740723E+01
   0.334000000000000E+05   0.213073539733887E+01
   0.335000000000000E+05   0.215626716613770E+01
   0.336000000000000E+05   0.215947532653809E+01
   0.337000000000000E+05   0.215320587158203E+01
   0.338000000000000E+05   0.218280410766602E+01
   0.339000000000000E+05   0.220406341552734E+01
   0.340000000000000E+05   0.221236419677734E+01
   0.341000000000000E+05   0.221656990051270E+01
   0.342000000000000E+05   0.222814559936523E+01
   0.343000000000000E+05   0.221301651000977E+01
   0.344000000000000E+05   0.227603340148926E+01
   0.345000000000000E+05   0.226734161376953E+01
   0.346000000000000E+05   0.226827239990234E+01
   0.347000000000000E+05   0.231049537658691E+01
   0.348000000000000E+05   0.229180717468262E+01
   0.349000000000000E+05   0.235213661193848E+01
   0.350000000000000E+05   0.229388618469238E+01
   0.351000000000000E+05   0.239273071289062E+01
   0.352000000000000E+05   0.240186691284180E+01
   0.353000000000000E+05   0.242417716979980E+01
   0.354000000000000E+05   0.243669891357422E+01
   0.355000000000000E+05   0.247888183593750E+01
   0.356000000000000E+05   0.248159408569336E+01
   0.357000000000000E+05   0.252759933471680E+01
   0.358000000000000E+05   0.255084991455078E+01
   0.359000000000000E+05   0.261142349243164E+01
   0.360000000000000E+05   0.264876556396484E+01
   0.361000000000000E+05   0.269505310058594E+01
   0.362000000000000E+05   0.278762054443359E+01
   0.363000000000000E+05   0.283847045898438E+01
   0.364000000000000E+05   0.288733291625977E+01
   0.365000000000000E+05   0.305344772338867E+01
   0.366000000000000E+05   0.318825531005859E+01
   0.367000000000000E+05   0.328439712524414E+01
   0.368000000000000E+05   0.354903030395508E+01
   0.369000000000000E+05   0.374182510375977E+01
   0.370000000000000E+05   0.408132553100586E+01
   0.371000000000000E+05   0.466435241699219E+01
   0.372000000000000E+05   0.513689422607422E+01
   0.373000000000000E+05   0.610617065429688E+01
   0.374000000000000E+05   0.748920440673828E+01
   0.375000000000000E+05   0.875224685668945E+01
   0.376000000000000E+05   0.103296051025391E+02
   0.377000000000000E+05   0.106632728576660E+02
   0.378000000000000E+05   0.972531127929688E+01
   0.379000000000000E+05   0.841500473022461E+01
   0.380000000000000E+05   0.660645294189453E+01
   0.381000000000000E+05   0.544241714477539E+01
   0.382000000000000E+05   0.467210006713867E+01
   0.383000000000000E+05   0.399423599243164E+01
   0.384000000000000E+05   0.367433929443359E+01
   0.385000000000000E+05   0.332768249511719E+01
   0.386000000000000E+05   0.314366149902344E+01
   0.387000000000000E+05   0.295614624023438E+01
   0.388000000000000E+05   0.285402679443359E+01
   0.389000000000000E+05   0.270604705810547E+01
   0.390000000000000E+05   0.266645812988281E+01
   0.391000000000000E+05   0.259474182128906E+01
   0.392000000000000E+05   0.255110931396484E+01
   0.393000000000000E+05   0.251000976562500E+01
   0.394000000000000E+05   0.245419311523438E+01
   0.395000000000000E+05   0.245880889892578E+01
   0.396000000000000E+05   0.243292236328125E+01
   0.397000000000000E+05   0.240898132324219E+01
   0.398000000000000E+05   0.235749816894531E+01
   0.399000000000000E+05   0.237319183349609E+01
   0.400000000000000E+05   0.234885406494141E+01
 
 
