   0.100000000000000E+03   0.129112280712141E+01
   0.200000000000000E+03   0.128875038210809E+01
   0.300000000000000E+03   0.128555782338101E+01
   0.400000000000000E+03   0.128157307665455E+01
   0.500000000000000E+03   0.127594074908103E+01
   0.600000000000000E+03   0.126369284600200E+01
   0.700000000000000E+03   0.126585324404464E+01
   0.800000000000000E+03   0.128704119961223E+01
   0.900000000000000E+03   0.128486244647872E+01
   0.100000000000000E+04   0.128028979708230E+01
   0.110000000000000E+04   0.129086100719029E+01
   0.120000000000000E+04   0.127267772961935E+01
   0.130000000000000E+04   0.127990264182110E+01
   0.140000000000000E+04   0.127625845016155E+01
   0.150000000000000E+04   0.128514526413137E+01
   0.160000000000000E+04   0.129188948111593E+01
   0.170000000000000E+04   0.125120553677177E+01
   0.180000000000000E+04   0.129482506741601E+01
   0.190000000000000E+04   0.129399372532359E+01
   0.200000000000000E+04   0.126389995375148E+01
   0.210000000000000E+04   0.129229826964868E+01
   0.220000000000000E+04   0.129772265546418E+01
   0.230000000000000E+04   0.129505010984093E+01
   0.240000000000000E+04   0.130006844724403E+01
   0.250000000000000E+04   0.130396669986050E+01
   0.260000000000000E+04   0.129178132366712E+01
   0.270000000000000E+04   0.126987890590055E+01
   0.280000000000000E+04   0.121474445841972E+01
   0.290000000000000E+04   0.130230412352137E+01
   0.300000000000000E+04   0.130205315163130E+01
   0.310000000000000E+04   0.130113082376511E+01
   0.320000000000000E+04   0.129967323389906E+01
   0.330000000000000E+04   0.129334846186646E+01
   0.340000000000000E+04   0.128923383071128E+01
   0.350000000000000E+04   0.129615159710352E+01
   0.360000000000000E+04   0.129707298262815E+01
   0.370000000000000E+04   0.129672306406974E+01
   0.380000000000000E+04   0.130089068212101E+01
   0.390000000000000E+04   0.130179738078641E+01
   0.400000000000000E+04   0.130145755864578E+01
   0.410000000000000E+04   0.130097627758778E+01
   0.420000000000000E+04   0.130270834338535E+01
   0.430000000000000E+04   0.128770203492832E+01
   0.440000000000000E+04   0.130589172907457E+01
   0.450000000000000E+04   0.130613658551738E+01
   0.460000000000000E+04   0.129170857064673E+01
   0.470000000000000E+04   0.129624872314889E+01
   0.480000000000000E+04   0.130374925482647E+01
   0.490000000000000E+04   0.129980752049596E+01
   0.500000000000000E+04   0.130275828794402E+01
   0.510000000000000E+04   0.129329102261181E+01
   0.520000000000000E+04   0.129354084186525E+01
   0.530000000000000E+04   0.129854594906828E+01
   0.540000000000000E+04   0.129434421995938E+01
   0.550000000000000E+04   0.128745708203132E+01
   0.560000000000000E+04   0.128537036162015E+01
   0.570000000000000E+04   0.129407991658081E+01
   0.580000000000000E+04   0.129330674009907E+01
   0.590000000000000E+04   0.129132726677562E+01
   0.600000000000000E+04   0.129120007563324E+01
   0.610000000000000E+04   0.124911071623501E+01
   0.620000000000000E+04   0.126871762622613E+01
   0.630000000000000E+04   0.129033917128254E+01
   0.640000000000000E+04   0.129092877524090E+01
   0.650000000000000E+04   0.128914287376392E+01
   0.660000000000000E+04   0.126820233049511E+01
   0.670000000000000E+04   0.128516649673838E+01
   0.680000000000000E+04   0.123417345664348E+01
   0.690000000000000E+04   0.128358595470490E+01
   0.700000000000000E+04   0.127627165477315E+01
   0.710000000000000E+04   0.127112148641027E+01
   0.720000000000000E+04   0.127557625081681E+01
   0.730000000000000E+04   0.128114924566762E+01
   0.740000000000000E+04   0.127673861144285E+01
   0.750000000000000E+04   0.125794094378944E+01
   0.760000000000000E+04   0.126998405290942E+01
   0.770000000000000E+04   0.126870222427533E+01
   0.780000000000000E+04   0.126732377317967E+01
   0.790000000000000E+04   0.127449176867958E+01
   0.800000000000000E+04   0.126195730624022E+01
   0.810000000000000E+04   0.126766940590460E+01
   0.820000000000000E+04   0.126337691361550E+01
   0.830000000000000E+04   0.125506759766722E+01
   0.840000000000000E+04   0.126219950555242E+01
   0.850000000000000E+04   0.125933163688751E+01
   0.860000000000000E+04   0.125669662794098E+01
   0.870000000000000E+04   0.125140349264257E+01
   0.880000000000000E+04   0.125305710226530E+01
   0.890000000000000E+04   0.114190396416234E+01
   0.900000000000000E+04   0.124303987820167E+01
   0.910000000000000E+04   0.124682491819840E+01
   0.920000000000000E+04   0.124348529032432E+01
   0.930000000000000E+04   0.124308986030519E+01
   0.940000000000000E+04   0.123651173396502E+01
   0.950000000000000E+04   0.123762213066220E+01
   0.960000000000000E+04   0.123667908564676E+01
   0.970000000000000E+04   0.122304660174996E+01
   0.980000000000000E+04   0.123410050210077E+01
   0.990000000000000E+04   0.122954144445248E+01
   0.100000000000000E+05   0.123425845045131E+01
   0.101000000000000E+05   0.122573910036590E+01
   0.102000000000000E+05   0.122787256003357E+01
   0.103000000000000E+05   0.122868186770938E+01
   0.104000000000000E+05   0.122567959595472E+01
   0.105000000000000E+05   0.121931944764219E+01
   0.106000000000000E+05   0.122295353445224E+01
   0.107000000000000E+05   0.121876118099317E+01
   0.108000000000000E+05   0.121484867203981E+01
   0.109000000000000E+05   0.121181760518812E+01
   0.110000000000000E+05   0.118998603220098E+01
   0.111000000000000E+05   0.120882691233419E+01
   0.112000000000000E+05   0.120711459079757E+01
   0.113000000000000E+05   0.120278946962208E+01
   0.114000000000000E+05   0.120346610294655E+01
   0.115000000000000E+05   0.120040338207036E+01
   0.116000000000000E+05   0.119923356035724E+01
   0.117000000000000E+05   0.119546193582937E+01
   0.118000000000000E+05   0.119446283159778E+01
   0.119000000000000E+05   0.119062201166525E+01
   0.120000000000000E+05   0.118212584732100E+01
   0.121000000000000E+05   0.118528155935928E+01
   0.122000000000000E+05   0.117953623598441E+01
   0.123000000000000E+05   0.118262769654393E+01
   0.124000000000000E+05   0.118299793917686E+01
   0.125000000000000E+05   0.117706147953868E+01
   0.126000000000000E+05   0.116837175376713E+01
   0.127000000000000E+05   0.117258265148848E+01
   0.128000000000000E+05   0.117406698316336E+01
   0.129000000000000E+05   0.116957295965403E+01
   0.130000000000000E+05   0.116953336168081E+01
   0.131000000000000E+05   0.116981330513954E+01
   0.132000000000000E+05   0.116365697421134E+01
   0.133000000000000E+05   0.115940186474472E+01
   0.134000000000000E+05   0.116186271142215E+01
   0.135000000000000E+05   0.115754387527704E+01
   0.136000000000000E+05   0.115211347676814E+01
   0.137000000000000E+05   0.115471944957972E+01
   0.138000000000000E+05   0.115143661201000E+01
   0.139000000000000E+05   0.115286617912352E+01
   0.140000000000000E+05   0.114316281117499E+01
   0.141000000000000E+05   0.115007311105728E+01
   0.142000000000000E+05   0.114238803461194E+01
   0.143000000000000E+05   0.114531046152115E+01
   0.144000000000000E+05   0.114314664714038E+01
   0.145000000000000E+05   0.113690316677094E+01
   0.146000000000000E+05   0.113565409369767E+01
   0.147000000000000E+05   0.113782272301614E+01
   0.148000000000000E+05   0.113168034143746E+01
   0.149000000000000E+05   0.113117941468954E+01
   0.150000000000000E+05   0.113128654658794E+01
   0.151000000000000E+05   0.113152172788978E+01
   0.152000000000000E+05   0.112405487522483E+01
   0.153000000000000E+05   0.112446800619364E+01
   0.154000000000000E+05   0.112608448043466E+01
   0.155000000000000E+05   0.112229477986693E+01
   0.156000000000000E+05   0.112406292930245E+01
   0.157000000000000E+05   0.111649063602090E+01
   0.158000000000000E+05   0.111660857126117E+01
   0.159000000000000E+05   0.111959536746144E+01
   0.160000000000000E+05   0.111630082130432E+01
   0.161000000000000E+05   0.110924858227372E+01
   0.162000000000000E+05   0.111418703943491E+01
   0.163000000000000E+05   0.111173591762781E+01
   0.164000000000000E+05   0.110632432252169E+01
   0.165000000000000E+05   0.110698734223843E+01
   0.166000000000000E+05   0.110348297655582E+01
   0.167000000000000E+05   0.110783247649670E+01
   0.168000000000000E+05   0.109936409443617E+01
   0.169000000000000E+05   0.110563068091869E+01
   0.170000000000000E+05   0.109655552357435E+01
   0.171000000000000E+05   0.109919246286154E+01
   0.172000000000000E+05   0.109672551602125E+01
   0.173000000000000E+05   0.110109239816666E+01
   0.174000000000000E+05   0.109506139159203E+01
   0.175000000000000E+05   0.109759353846312E+01
   0.176000000000000E+05   0.108275029063225E+01
   0.177000000000000E+05   0.109542920440435E+01
   0.178000000000000E+05   0.107502348721027E+01
   0.179000000000000E+05   0.107508808374405E+01
   0.180000000000000E+05   0.108270408213139E+01
   0.181000000000000E+05   0.108850315213203E+01
   0.182000000000000E+05   0.109079030156136E+01
   0.183000000000000E+05   0.108457182347775E+01
   0.184000000000000E+05   0.108842264115810E+01
   0.185000000000000E+05   0.108826220035553E+01
   0.186000000000000E+05   0.108513873815536E+01
   0.187000000000000E+05   0.108696332573891E+01
   0.188000000000000E+05   0.108748345077038E+01
   0.189000000000000E+05   0.108579884469509E+01
   0.190000000000000E+05   0.108868956565857E+01
   0.191000000000000E+05   0.108387644588947E+01
   0.192000000000000E+05   0.107959371805191E+01
   0.193000000000000E+05   0.108159230649471E+01
   0.194000000000000E+05   0.108537012338638E+01
   0.195000000000000E+05   0.107989540696144E+01
   0.196000000000000E+05   0.108108735084534E+01
   0.197000000000000E+05   0.107969683408737E+01
   0.198000000000000E+05   0.108292704820633E+01
   0.199000000000000E+05   0.108359041810036E+01
   0.200000000000000E+05   0.108147162199020E+01
   0.201000000000000E+05   0.108178919553757E+01
   0.202000000000000E+05   0.108127385377884E+01
   0.203000000000000E+05   0.107116660475731E+01
   0.204000000000000E+05   0.107814374566078E+01
   0.205000000000000E+05   0.108426770567894E+01
   0.206000000000000E+05   0.107740315794945E+01
   0.207000000000000E+05   0.107994294166565E+01
   0.208000000000000E+05   0.108034363389015E+01
   0.209000000000000E+05   0.107903721928596E+01
   0.210000000000000E+05   0.108209362626076E+01
   0.211000000000000E+05   0.107556056976318E+01
   0.212000000000000E+05   0.107897096872330E+01
   0.213000000000000E+05   0.108165323734283E+01
   0.214000000000000E+05   0.108032417297363E+01
   0.215000000000000E+05   0.107095557451248E+01
   0.216000000000000E+05   0.108302229642868E+01
   0.217000000000000E+05   0.108570820093155E+01
   0.218000000000000E+05   0.108340549468994E+01
   0.219000000000000E+05   0.108431303501129E+01
   0.220000000000000E+05   0.107986855506897E+01
   0.221000000000000E+05   0.108197438716888E+01
   0.222000000000000E+05   0.107713276147842E+01
   0.223000000000000E+05   0.108084255456924E+01
   0.224000000000000E+05   0.108409041166306E+01
   0.225000000000000E+05   0.108426952362061E+01
   0.226000000000000E+05   0.108742046356201E+01
   0.227000000000000E+05   0.108956438302994E+01
   0.228000000000000E+05   0.108419042825699E+01
   0.229000000000000E+05   0.106497931480408E+01
   0.230000000000000E+05   0.109184545278549E+01
   0.231000000000000E+05   0.109204220771790E+01
   0.232000000000000E+05   0.108772754669189E+01
   0.233000000000000E+05   0.108936071395874E+01
   0.234000000000000E+05   0.109466397762299E+01
   0.235000000000000E+05   0.110028982162476E+01
   0.236000000000000E+05   0.109161591529846E+01
   0.237000000000000E+05   0.110207974910736E+01
   0.238000000000000E+05   0.110159385204315E+01
   0.239000000000000E+05   0.109890627861023E+01
   0.240000000000000E+05   0.110355508327484E+01
   0.241000000000000E+05   0.110244262218475E+01
   0.242000000000000E+05   0.110638654232025E+01
   0.243000000000000E+05   0.110736680030823E+01
   0.244000000000000E+05   0.111133706569672E+01
   0.245000000000000E+05   0.110999977588654E+01
   0.246000000000000E+05   0.110710370540619E+01
   0.247000000000000E+05   0.110303652286530E+01
   0.248000000000000E+05   0.111766123771667E+01
   0.249000000000000E+05   0.111790597438812E+01
   0.250000000000000E+05   0.111453390121460E+01
   0.251000000000000E+05   0.112057352066040E+01
   0.252000000000000E+05   0.112233495712280E+01
   0.253000000000000E+05   0.112198972702026E+01
   0.254000000000000E+05   0.112917995452881E+01
   0.255000000000000E+05   0.112705945968628E+01
   0.256000000000000E+05   0.113054013252258E+01
   0.257000000000000E+05   0.113302159309387E+01
   0.258000000000000E+05   0.113841176033020E+01
   0.259000000000000E+05   0.113738107681274E+01
   0.260000000000000E+05   0.114355492591858E+01
   0.261000000000000E+05   0.114592266082764E+01
   0.262000000000000E+05   0.114360499382019E+01
   0.263000000000000E+05   0.113486385345459E+01
   0.264000000000000E+05   0.115269732475281E+01
   0.265000000000000E+05   0.115091991424561E+01
   0.266000000000000E+05   0.114516329765320E+01
   0.267000000000000E+05   0.115883541107178E+01
   0.268000000000000E+05   0.116226959228516E+01
   0.269000000000000E+05   0.115068936347961E+01
   0.270000000000000E+05   0.116130757331848E+01
   0.271000000000000E+05   0.116643762588501E+01
   0.272000000000000E+05   0.115513277053833E+01
   0.273000000000000E+05   0.116714835166931E+01
   0.274000000000000E+05   0.117360210418701E+01
   0.275000000000000E+05   0.118020009994507E+01
   0.276000000000000E+05   0.118099212646484E+01
   0.277000000000000E+05   0.118596458435059E+01
   0.278000000000000E+05   0.117953443527222E+01
   0.279000000000000E+05   0.119448614120483E+01
   0.280000000000000E+05   0.119266986846924E+01
   0.281000000000000E+05   0.120014238357544E+01
   0.282000000000000E+05   0.119957971572876E+01
   0.283000000000000E+05   0.120065736770630E+01
   0.284000000000000E+05   0.120975017547607E+01
   0.285000000000000E+05   0.121374511718750E+01
   0.286000000000000E+05   0.119129228591919E+01
   0.287000000000000E+05   0.121912240982056E+01
   0.288000000000000E+05   0.122630071640015E+01
   0.289000000000000E+05   0.122794866561890E+01
   0.290000000000000E+05   0.123670911788940E+01
   0.291000000000000E+05   0.123933458328247E+01
   0.292000000000000E+05   0.123953533172607E+01
   0.293000000000000E+05   0.124692678451538E+01
   0.294000000000000E+05   0.124980068206787E+01
   0.295000000000000E+05   0.124840641021729E+01
   0.296000000000000E+05   0.124667406082153E+01
   0.297000000000000E+05   0.126325845718384E+01
   0.298000000000000E+05   0.126068401336670E+01
   0.299000000000000E+05   0.127486038208008E+01
   0.300000000000000E+05   0.128120708465576E+01
   0.301000000000000E+05   0.128193092346191E+01
   0.302000000000000E+05   0.128543949127197E+01
   0.303000000000000E+05   0.128375911712646E+01
   0.304000000000000E+05   0.128978538513184E+01
   0.305000000000000E+05   0.129450130462646E+01
   0.306000000000000E+05   0.130358219146729E+01
   0.307000000000000E+05   0.130491924285889E+01
   0.308000000000000E+05   0.131193065643311E+01
   0.309000000000000E+05   0.131615066528320E+01
   0.310000000000000E+05   0.132591533660889E+01
   0.311000000000000E+05   0.132767677307129E+01
   0.312000000000000E+05   0.133870887756348E+01
   0.313000000000000E+05   0.134309959411621E+01
   0.314000000000000E+05   0.134840393066406E+01
   0.315000000000000E+05   0.135704612731934E+01
   0.316000000000000E+05   0.136133861541748E+01
   0.317000000000000E+05   0.135879230499268E+01
   0.318000000000000E+05   0.134636402130127E+01
   0.319000000000000E+05   0.138758182525635E+01
   0.320000000000000E+05   0.139001941680908E+01
   0.321000000000000E+05   0.139567089080811E+01
   0.322000000000000E+05   0.140701198577881E+01
   0.323000000000000E+05   0.139577579498291E+01
   0.324000000000000E+05   0.141652393341064E+01
   0.325000000000000E+05   0.142719459533691E+01
   0.326000000000000E+05   0.143494415283203E+01
   0.327000000000000E+05   0.144467926025391E+01
   0.328000000000000E+05   0.144592285156250E+01
   0.329000000000000E+05   0.146378898620605E+01
   0.330000000000000E+05   0.147329139709473E+01
   0.331000000000000E+05   0.148019027709961E+01
   0.332000000000000E+05   0.148716735839844E+01
   0.333000000000000E+05   0.150051307678223E+01
   0.334000000000000E+05   0.150927734375000E+01
   0.335000000000000E+05   0.152906799316406E+01
   0.336000000000000E+05   0.153478240966797E+01
   0.337000000000000E+05   0.153945350646973E+01
   0.338000000000000E+05   0.155952262878418E+01
   0.339000000000000E+05   0.157899475097656E+01
   0.340000000000000E+05   0.158993530273438E+01
   0.341000000000000E+05   0.159800148010254E+01
   0.342000000000000E+05   0.161232757568359E+01
   0.343000000000000E+05   0.161553764343262E+01
   0.344000000000000E+05   0.165793037414551E+01
   0.345000000000000E+05   0.166433715820312E+01
   0.346000000000000E+05   0.167715835571289E+01
   0.347000000000000E+05   0.170897102355957E+01
   0.348000000000000E+05   0.171217155456543E+01
   0.349000000000000E+05   0.176135063171387E+01
   0.350000000000000E+05   0.174222183227539E+01
   0.351000000000000E+05   0.182114982604980E+01
   0.352000000000000E+05   0.184195709228516E+01
   0.353000000000000E+05   0.187762069702148E+01
   0.354000000000000E+05   0.191622924804688E+01
   0.355000000000000E+05   0.196587371826172E+01
   0.356000000000000E+05   0.199468612670898E+01
   0.357000000000000E+05   0.205474090576172E+01
   0.358000000000000E+05   0.212146759033203E+01
   0.359000000000000E+05   0.220167922973633E+01
   0.360000000000000E+05   0.226712036132812E+01
   0.361000000000000E+05   0.236609268188477E+01
   0.362000000000000E+05   0.251209259033203E+01
   0.363000000000000E+05   0.262070846557617E+01
   0.364000000000000E+05   0.273789596557617E+01
   0.365000000000000E+05   0.302652359008789E+01
   0.366000000000000E+05   0.325273132324219E+01
   0.367000000000000E+05   0.349543762207031E+01
   0.368000000000000E+05   0.399324798583984E+01
   0.369000000000000E+05   0.440686416625977E+01
   0.370000000000000E+05   0.506597137451172E+01
   0.371000000000000E+05   0.622894287109375E+01
   0.372000000000000E+05   0.718357086181641E+01
   0.373000000000000E+05   0.914829254150391E+01
   0.374000000000000E+05   0.118668136596680E+02
   0.375000000000000E+05   0.144475250244141E+02
   0.376000000000000E+05   0.176250495910645E+02
   0.377000000000000E+05   0.182590675354004E+02
   0.378000000000000E+05   0.164337234497070E+02
   0.379000000000000E+05   0.137388992309570E+02
   0.380000000000000E+05   0.100835723876953E+02
   0.381000000000000E+05   0.778015899658203E+01
   0.382000000000000E+05   0.622068023681641E+01
   0.383000000000000E+05   0.484103775024414E+01
   0.384000000000000E+05   0.416843795776367E+01
   0.385000000000000E+05   0.350019836425781E+01
   0.386000000000000E+05   0.313047790527344E+01
   0.387000000000000E+05   0.275083160400391E+01
   0.388000000000000E+05   0.253354644775391E+01
   0.389000000000000E+05   0.232873535156250E+01
   0.390000000000000E+05   0.218212890625000E+01
   0.391000000000000E+05   0.206209564208984E+01
   0.392000000000000E+05   0.195458221435547E+01
   0.393000000000000E+05   0.188697052001953E+01
   0.394000000000000E+05   0.179473876953125E+01
   0.395000000000000E+05   0.176907348632812E+01
   0.396000000000000E+05   0.171649169921875E+01
   0.397000000000000E+05   0.167530059814453E+01
   0.398000000000000E+05   0.163041687011719E+01
   0.399000000000000E+05   0.160826873779297E+01
   0.400000000000000E+05   0.158179473876953E+01
 
 
