   0.100000000000000E+03   0.129516000520521E+01
   0.200000000000000E+03   0.129283536753697E+01
   0.300000000000000E+03   0.128977084602504E+01
   0.400000000000000E+03   0.128633502401048E+01
   0.500000000000000E+03   0.128244339189799E+01
   0.600000000000000E+03   0.127751885850833E+01
   0.700000000000000E+03   0.126949335430341E+01
   0.800000000000000E+03   0.126064993815049E+01
   0.900000000000000E+03   0.126277581892050E+01
   0.100000000000000E+04   0.128797317014773E+01
   0.110000000000000E+04   0.128536261282787E+01
   0.120000000000000E+04   0.127846015889509E+01
   0.130000000000000E+04   0.127525997690110E+01
   0.140000000000000E+04   0.129057431809908E+01
   0.150000000000000E+04   0.128533086439327E+01
   0.160000000000000E+04   0.127792137569679E+01
   0.170000000000000E+04   0.128260422176621E+01
   0.180000000000000E+04   0.129003789497750E+01
   0.190000000000000E+04   0.129369653974436E+01
   0.200000000000000E+04   0.129109734664064E+01
   0.210000000000000E+04   0.128822998358385E+01
   0.220000000000000E+04   0.129526868826304E+01
   0.230000000000000E+04   0.129061404055415E+01
   0.240000000000000E+04   0.129402827991089E+01
   0.250000000000000E+04   0.129911235699706E+01
   0.260000000000000E+04   0.128063830925407E+01
   0.270000000000000E+04   0.129711857919415E+01
   0.280000000000000E+04   0.129851719916360E+01
   0.290000000000000E+04   0.128546811852630E+01
   0.300000000000000E+04   0.129355197748055E+01
   0.310000000000000E+04   0.130261104482088E+01
   0.320000000000000E+04   0.129628331080949E+01
   0.330000000000000E+04   0.128902506241502E+01
   0.340000000000000E+04   0.129707242031873E+01
   0.350000000000000E+04   0.129095427975153E+01
   0.360000000000000E+04   0.130186514026173E+01
   0.370000000000000E+04   0.130088966729818E+01
   0.380000000000000E+04   0.129862805240191E+01
   0.390000000000000E+04   0.129973320864337E+01
   0.400000000000000E+04   0.129928872090750E+01
   0.410000000000000E+04   0.130418996284061E+01
   0.420000000000000E+04   0.130618920975758E+01
   0.430000000000000E+04   0.130215362220042E+01
   0.440000000000000E+04   0.129664620201947E+01
   0.450000000000000E+04   0.129760345757677E+01
   0.460000000000000E+04   0.129762389061216E+01
   0.470000000000000E+04   0.129792478852323E+01
   0.480000000000000E+04   0.128234239951416E+01
   0.490000000000000E+04   0.130153461232840E+01
   0.500000000000000E+04   0.130176575752557E+01
   0.510000000000000E+04   0.130183611639950E+01
   0.520000000000000E+04   0.129010644119990E+01
   0.530000000000000E+04   0.130856840527849E+01
   0.540000000000000E+04   0.130475319322431E+01
   0.550000000000000E+04   0.129013624668005E+01
   0.560000000000000E+04   0.130339446142898E+01
   0.570000000000000E+04   0.129075472670957E+01
   0.580000000000000E+04   0.130268563522259E+01
   0.590000000000000E+04   0.128602947844774E+01
   0.600000000000000E+04   0.130102161300601E+01
   0.610000000000000E+04   0.128956756117987E+01
   0.620000000000000E+04   0.129810957470909E+01
   0.630000000000000E+04   0.129576709022513E+01
   0.640000000000000E+04   0.130407322599785E+01
   0.650000000000000E+04   0.128841507964535E+01
   0.660000000000000E+04   0.129650483257137E+01
   0.670000000000000E+04   0.129577707068529E+01
   0.680000000000000E+04   0.128227374923881E+01
   0.690000000000000E+04   0.129489418934099E+01
   0.700000000000000E+04   0.129586077341810E+01
   0.710000000000000E+04   0.129280423175078E+01
   0.720000000000000E+04   0.126131826615892E+01
   0.730000000000000E+04   0.129056759271771E+01
   0.740000000000000E+04   0.128963906713761E+01
   0.750000000000000E+04   0.129373584827408E+01
   0.760000000000000E+04   0.129071206739172E+01
   0.770000000000000E+04   0.125122674938757E+01
   0.780000000000000E+04   0.129262112197466E+01
   0.790000000000000E+04   0.129085419420153E+01
   0.800000000000000E+04   0.128415272547863E+01
   0.810000000000000E+04   0.129218259453773E+01
   0.820000000000000E+04   0.128644346212968E+01
   0.830000000000000E+04   0.128530662367120E+01
   0.840000000000000E+04   0.128046904085204E+01
   0.850000000000000E+04   0.128155127353966E+01
   0.860000000000000E+04   0.127833938226104E+01
   0.870000000000000E+04   0.127825731318444E+01
   0.880000000000000E+04   0.128048773575574E+01
   0.890000000000000E+04   0.127870130632073E+01
   0.900000000000000E+04   0.127971803955734E+01
   0.910000000000000E+04   0.127802525833249E+01
   0.920000000000000E+04   0.127035746816546E+01
   0.930000000000000E+04   0.127544584777206E+01
   0.940000000000000E+04   0.127149915043265E+01
   0.950000000000000E+04   0.127082209289074E+01
   0.960000000000000E+04   0.126638342626393E+01
   0.970000000000000E+04   0.125740766432136E+01
   0.980000000000000E+04   0.126271361112595E+01
   0.990000000000000E+04   0.126426148042083E+01
   0.100000000000000E+05   0.126567755453289E+01
   0.101000000000000E+05   0.126552173495293E+01
   0.102000000000000E+05   0.126231882348657E+01
   0.103000000000000E+05   0.126256921328604E+01
   0.104000000000000E+05   0.124776028841734E+01
   0.105000000000000E+05   0.125820158421993E+01
   0.106000000000000E+05   0.126247701048851E+01
   0.107000000000000E+05   0.125584762543440E+01
   0.108000000000000E+05   0.124774602800608E+01
   0.109000000000000E+05   0.124560070410371E+01
   0.110000000000000E+05   0.124747626110911E+01
   0.111000000000000E+05   0.125136484950781E+01
   0.112000000000000E+05   0.124438157305121E+01
   0.113000000000000E+05   0.124684949219227E+01
   0.114000000000000E+05   0.124532518163323E+01
   0.115000000000000E+05   0.124017200618982E+01
   0.116000000000000E+05   0.124459087848663E+01
   0.117000000000000E+05   0.123948381841183E+01
   0.118000000000000E+05   0.124247170984745E+01
   0.119000000000000E+05   0.123088298738003E+01
   0.120000000000000E+05   0.123680333048105E+01
   0.121000000000000E+05   0.123621040582657E+01
   0.122000000000000E+05   0.123461638391018E+01
   0.123000000000000E+05   0.122985932230949E+01
   0.124000000000000E+05   0.123007995635271E+01
   0.125000000000000E+05   0.122194097936153E+01
   0.126000000000000E+05   0.121881429105997E+01
   0.127000000000000E+05   0.122830466926098E+01
   0.128000000000000E+05   0.122432403266430E+01
   0.129000000000000E+05   0.121844166517258E+01
   0.130000000000000E+05   0.121598683297634E+01
   0.131000000000000E+05   0.121758091449738E+01
   0.132000000000000E+05   0.121303613483906E+01
   0.133000000000000E+05   0.121184083819389E+01
   0.134000000000000E+05   0.121198178827763E+01
   0.135000000000000E+05   0.120141804218292E+01
   0.136000000000000E+05   0.120676565170288E+01
   0.137000000000000E+05   0.119948548078537E+01
   0.138000000000000E+05   0.120647546648979E+01
   0.139000000000000E+05   0.120248410105705E+01
   0.140000000000000E+05   0.120150825381279E+01
   0.141000000000000E+05   0.119158917665482E+01
   0.142000000000000E+05   0.118616598844528E+01
   0.143000000000000E+05   0.119976416230202E+01
   0.144000000000000E+05   0.119230327010155E+01
   0.145000000000000E+05   0.119319739937782E+01
   0.146000000000000E+05   0.118852421641350E+01
   0.147000000000000E+05   0.118468406796455E+01
   0.148000000000000E+05   0.118367287516594E+01
   0.149000000000000E+05   0.118768960237503E+01
   0.150000000000000E+05   0.117137584090233E+01
   0.151000000000000E+05   0.118864071369171E+01
   0.152000000000000E+05   0.118013226985931E+01
   0.153000000000000E+05   0.116799306869507E+01
   0.154000000000000E+05   0.117740428447723E+01
   0.155000000000000E+05   0.117026859521866E+01
   0.156000000000000E+05   0.117639994621277E+01
   0.157000000000000E+05   0.117054033279419E+01
   0.158000000000000E+05   0.116903543472290E+01
   0.159000000000000E+05   0.116914403438568E+01
   0.160000000000000E+05   0.115936559438705E+01
   0.161000000000000E+05   0.116582977771759E+01
   0.162000000000000E+05   0.116083878278732E+01
   0.163000000000000E+05   0.115545445680618E+01
   0.164000000000000E+05   0.116516214609146E+01
   0.165000000000000E+05   0.115873587131500E+01
   0.166000000000000E+05   0.115881443023682E+01
   0.167000000000000E+05   0.115725028514862E+01
   0.168000000000000E+05   0.115238070487976E+01
   0.169000000000000E+05   0.115215027332306E+01
   0.170000000000000E+05   0.115162205696106E+01
   0.171000000000000E+05   0.114488661289215E+01
   0.172000000000000E+05   0.114650368690491E+01
   0.173000000000000E+05   0.114838075637817E+01
   0.174000000000000E+05   0.114611101150513E+01
   0.175000000000000E+05   0.114218652248383E+01
   0.176000000000000E+05   0.114035034179688E+01
   0.177000000000000E+05   0.114258468151093E+01
   0.178000000000000E+05   0.113979637622833E+01
   0.179000000000000E+05   0.113846087455750E+01
   0.180000000000000E+05   0.113803720474243E+01
   0.181000000000000E+05   0.113211750984192E+01
   0.182000000000000E+05   0.113527059555054E+01
   0.183000000000000E+05   0.112072753906250E+01
   0.184000000000000E+05   0.113259744644165E+01
   0.185000000000000E+05   0.112817358970642E+01
   0.186000000000000E+05   0.112710475921631E+01
   0.187000000000000E+05   0.111705327033997E+01
   0.188000000000000E+05   0.112742137908936E+01
   0.189000000000000E+05   0.112554216384888E+01
   0.190000000000000E+05   0.112182140350342E+01
   0.191000000000000E+05   0.112037849426270E+01
   0.192000000000000E+05   0.110699629783630E+01
   0.193000000000000E+05   0.111028409004211E+01
   0.194000000000000E+05   0.111428952217102E+01
   0.195000000000000E+05   0.111665773391724E+01
   0.196000000000000E+05   0.110822391510010E+01
   0.197000000000000E+05   0.111545324325562E+01
   0.198000000000000E+05   0.111176967620850E+01
   0.199000000000000E+05   0.110809469223022E+01
   0.200000000000000E+05   0.110820007324219E+01
   0.201000000000000E+05   0.110827302932739E+01
   0.202000000000000E+05   0.111032485961914E+01
   0.203000000000000E+05   0.110661458969116E+01
   0.204000000000000E+05   0.110751342773438E+01
   0.205000000000000E+05   0.110406398773193E+01
   0.206000000000000E+05   0.109194374084473E+01
   0.207000000000000E+05   0.110403919219971E+01
   0.208000000000000E+05   0.110214471817017E+01
   0.209000000000000E+05   0.109930372238159E+01
   0.210000000000000E+05   0.110092067718506E+01
   0.211000000000000E+05   0.109567499160767E+01
   0.212000000000000E+05   0.109248065948486E+01
   0.213000000000000E+05   0.109853982925415E+01
   0.214000000000000E+05   0.109037351608276E+01
   0.215000000000000E+05   0.109888458251953E+01
   0.216000000000000E+05   0.109664630889893E+01
   0.217000000000000E+05   0.109698581695557E+01
   0.218000000000000E+05   0.109307956695557E+01
   0.219000000000000E+05   0.109462451934814E+01
   0.220000000000000E+05   0.108840751647949E+01
   0.221000000000000E+05   0.109185791015625E+01
   0.222000000000000E+05   0.109527301788330E+01
   0.223000000000000E+05   0.108179473876953E+01
   0.224000000000000E+05   0.109234905242920E+01
   0.225000000000000E+05   0.108653545379639E+01
   0.226000000000000E+05   0.108918952941895E+01
   0.227000000000000E+05   0.108699512481689E+01
   0.228000000000000E+05   0.107946872711182E+01
   0.229000000000000E+05   0.108687210083008E+01
   0.230000000000000E+05   0.108779907226562E+01
   0.231000000000000E+05   0.108041381835938E+01
   0.232000000000000E+05   0.108653354644775E+01
   0.233000000000000E+05   0.108265113830566E+01
   0.234000000000000E+05   0.107832908630371E+01
   0.235000000000000E+05   0.107933807373047E+01
   0.236000000000000E+05   0.107782554626465E+01
   0.237000000000000E+05   0.107175636291504E+01
   0.238000000000000E+05   0.108364486694336E+01
   0.239000000000000E+05   0.107903861999512E+01
   0.240000000000000E+05   0.107923698425293E+01
   0.241000000000000E+05   0.108185195922852E+01
   0.242000000000000E+05   0.107679367065430E+01
   0.243000000000000E+05   0.108027648925781E+01
   0.244000000000000E+05   0.108078765869141E+01
   0.245000000000000E+05   0.108268737792969E+01
   0.246000000000000E+05   0.107862854003906E+01
   0.247000000000000E+05   0.108428955078125E+01
   0.248000000000000E+05   0.108264923095703E+01
   0.249000000000000E+05   0.108231925964355E+01
   0.250000000000000E+05   0.107883071899414E+01
   0.251000000000000E+05   0.108208274841309E+01
   0.252000000000000E+05   0.108470726013184E+01
   0.253000000000000E+05   0.107564735412598E+01
   0.254000000000000E+05   0.108256149291992E+01
   0.255000000000000E+05   0.107508087158203E+01
   0.256000000000000E+05   0.107911682128906E+01
   0.257000000000000E+05   0.107527923583984E+01
   0.258000000000000E+05   0.107876205444336E+01
   0.259000000000000E+05   0.107855224609375E+01
   0.260000000000000E+05   0.108073043823242E+01
   0.261000000000000E+05   0.108054351806641E+01
   0.262000000000000E+05   0.108276748657227E+01
   0.263000000000000E+05   0.107950592041016E+01
   0.264000000000000E+05   0.107034683227539E+01
   0.265000000000000E+05   0.107969284057617E+01
   0.266000000000000E+05   0.108588790893555E+01
   0.267000000000000E+05   0.107943344116211E+01
   0.268000000000000E+05   0.108416366577148E+01
   0.269000000000000E+05   0.108213043212891E+01
   0.270000000000000E+05   0.108313751220703E+01
   0.271000000000000E+05   0.108554077148438E+01
   0.272000000000000E+05   0.108800125122070E+01
   0.273000000000000E+05   0.108067321777344E+01
   0.274000000000000E+05   0.108553314208984E+01
   0.275000000000000E+05   0.109122848510742E+01
   0.276000000000000E+05   0.108841705322266E+01
   0.277000000000000E+05   0.108597564697266E+01
   0.278000000000000E+05   0.108918762207031E+01
   0.279000000000000E+05   0.109207153320312E+01
   0.280000000000000E+05   0.108296203613281E+01
   0.281000000000000E+05   0.109146118164062E+01
   0.282000000000000E+05   0.108891296386719E+01
   0.283000000000000E+05   0.108908081054688E+01
   0.284000000000000E+05   0.108653259277344E+01
   0.285000000000000E+05   0.109352874755859E+01
   0.286000000000000E+05   0.109105682373047E+01
   0.287000000000000E+05   0.109548950195312E+01
   0.288000000000000E+05   0.109707641601562E+01
   0.289000000000000E+05   0.109525299072266E+01
   0.290000000000000E+05   0.110054016113281E+01
   0.291000000000000E+05   0.109779357910156E+01
   0.292000000000000E+05   0.109752655029297E+01
   0.293000000000000E+05   0.110172271728516E+01
   0.294000000000000E+05   0.110373687744141E+01
   0.295000000000000E+05   0.110500335693359E+01
   0.296000000000000E+05   0.110580444335938E+01
   0.297000000000000E+05   0.110275268554688E+01
   0.298000000000000E+05   0.110456848144531E+01
   0.299000000000000E+05   0.110917663574219E+01
   0.300000000000000E+05   0.110341644287109E+01
   0.301000000000000E+05   0.111444091796875E+01
   0.302000000000000E+05   0.111331176757812E+01
   0.303000000000000E+05   0.110954284667969E+01
   0.304000000000000E+05   0.111741638183594E+01
   0.305000000000000E+05   0.110096740722656E+01
   0.306000000000000E+05   0.111408996582031E+01
   0.307000000000000E+05   0.111686706542969E+01
   0.308000000000000E+05   0.111476135253906E+01
   0.309000000000000E+05   0.112432861328125E+01
   0.310000000000000E+05   0.112832641601562E+01
   0.311000000000000E+05   0.112309265136719E+01
   0.312000000000000E+05   0.112664794921875E+01
   0.313000000000000E+05   0.113021850585938E+01
   0.314000000000000E+05   0.112876892089844E+01
   0.315000000000000E+05   0.113430786132812E+01
   0.316000000000000E+05   0.113594055175781E+01
   0.317000000000000E+05   0.113505554199219E+01
   0.318000000000000E+05   0.113269042968750E+01
   0.319000000000000E+05   0.111892700195312E+01
   0.320000000000000E+05   0.114546203613281E+01
   0.321000000000000E+05   0.114216613769531E+01
   0.322000000000000E+05   0.114654541015625E+01
   0.323000000000000E+05   0.114230346679688E+01
   0.324000000000000E+05   0.114480590820312E+01
   0.325000000000000E+05   0.114950561523438E+01
   0.326000000000000E+05   0.115530395507812E+01
   0.327000000000000E+05   0.111231994628906E+01
   0.328000000000000E+05   0.115948486328125E+01
   0.329000000000000E+05   0.116027832031250E+01
   0.330000000000000E+05   0.115817260742188E+01
   0.331000000000000E+05   0.116665649414062E+01
   0.332000000000000E+05   0.116809082031250E+01
   0.333000000000000E+05   0.116662597656250E+01
   0.334000000000000E+05   0.117443847656250E+01
   0.335000000000000E+05   0.118121337890625E+01
   0.336000000000000E+05   0.117126464843750E+01
   0.337000000000000E+05   0.117633056640625E+01
   0.338000000000000E+05   0.118420410156250E+01
   0.339000000000000E+05   0.119012451171875E+01
   0.340000000000000E+05   0.118182373046875E+01
   0.341000000000000E+05   0.119000244140625E+01
   0.342000000000000E+05   0.118768310546875E+01
   0.343000000000000E+05   0.119366455078125E+01
   0.344000000000000E+05   0.118490600585938E+01
   0.345000000000000E+05   0.119741821289062E+01
   0.346000000000000E+05   0.119894409179688E+01
   0.347000000000000E+05   0.120767211914062E+01
   0.348000000000000E+05   0.121487426757812E+01
   0.349000000000000E+05   0.121054077148438E+01
   0.350000000000000E+05   0.121035766601562E+01
   0.351000000000000E+05   0.121319580078125E+01
   0.352000000000000E+05   0.121496582031250E+01
   0.353000000000000E+05   0.122628784179688E+01
   0.354000000000000E+05   0.123260498046875E+01
   0.355000000000000E+05   0.121313476562500E+01
   0.356000000000000E+05   0.123336791992188E+01
   0.357000000000000E+05   0.123559570312500E+01
   0.358000000000000E+05   0.124023437500000E+01
   0.359000000000000E+05   0.124139404296875E+01
   0.360000000000000E+05   0.125006103515625E+01
   0.361000000000000E+05   0.125054931640625E+01
   0.362000000000000E+05   0.125042724609375E+01
   0.363000000000000E+05   0.126025390625000E+01
   0.364000000000000E+05   0.126184082031250E+01
   0.365000000000000E+05   0.126751708984375E+01
   0.366000000000000E+05   0.127252197265625E+01
   0.367000000000000E+05   0.126843261718750E+01
   0.368000000000000E+05   0.127532958984375E+01
   0.369000000000000E+05   0.128704833984375E+01
   0.370000000000000E+05   0.127667236328125E+01
   0.371000000000000E+05   0.128430175781250E+01
   0.372000000000000E+05   0.128863525390625E+01
   0.373000000000000E+05   0.130145263671875E+01
   0.374000000000000E+05   0.130072021484375E+01
   0.375000000000000E+05   0.130718994140625E+01
   0.376000000000000E+05   0.131616210937500E+01
   0.377000000000000E+05   0.132141113281250E+01
   0.378000000000000E+05   0.130694580078125E+01
   0.379000000000000E+05   0.131988525390625E+01
   0.380000000000000E+05   0.132653808593750E+01
   0.381000000000000E+05   0.132861328125000E+01
   0.382000000000000E+05   0.133673095703125E+01
   0.383000000000000E+05   0.134130859375000E+01
   0.384000000000000E+05   0.133990478515625E+01
   0.385000000000000E+05   0.135473632812500E+01
   0.386000000000000E+05   0.135437011718750E+01
   0.387000000000000E+05   0.135925292968750E+01
   0.388000000000000E+05   0.136102294921875E+01
   0.389000000000000E+05   0.136694335937500E+01
   0.390000000000000E+05   0.137768554687500E+01
   0.391000000000000E+05   0.138244628906250E+01
   0.392000000000000E+05   0.139477539062500E+01
   0.393000000000000E+05   0.140368652343750E+01
   0.394000000000000E+05   0.141113281250000E+01
   0.395000000000000E+05   0.140283203125000E+01
   0.396000000000000E+05   0.139990234375000E+01
   0.397000000000000E+05   0.140795898437500E+01
   0.398000000000000E+05   0.141589355468750E+01
   0.399000000000000E+05   0.143835449218750E+01
   0.400000000000000E+05   0.144055175781250E+01
 
 
