   0.000000000000000E+00   0.130406685180700E+01
   0.100000000000000E+03   0.130298371259985E+01
   0.200000000000000E+03   0.130017071287080E+01
   0.300000000000000E+03   0.129615727575888E+01
   0.400000000000000E+03   0.129057363721752E+01
   0.500000000000000E+03   0.128017384953300E+01
   0.600000000000000E+03   0.127677356833307E+01
   0.700000000000000E+03   0.129869586877647E+01
   0.800000000000000E+03   0.129301555928345E+01
   0.900000000000000E+03   0.128911830802239E+01
   0.100000000000000E+04   0.129983950558592E+01
   0.110000000000000E+04   0.129429387845929E+01
   0.120000000000000E+04   0.129129904216576E+01
   0.130000000000000E+04   0.129508200125377E+01
   0.140000000000000E+04   0.130141146765987E+01
   0.150000000000000E+04   0.129971765112274E+01
   0.160000000000000E+04   0.129118670319916E+01
   0.170000000000000E+04   0.130443903456681E+01
   0.180000000000000E+04   0.130711739102968E+01
   0.190000000000000E+04   0.130919019898175E+01
   0.200000000000000E+04   0.130868799269247E+01
   0.210000000000000E+04   0.130393737666413E+01
   0.220000000000000E+04   0.131324712468644E+01
   0.230000000000000E+04   0.130941026367386E+01
   0.240000000000000E+04   0.130191330160244E+01
   0.250000000000000E+04   0.130537663056147E+01
   0.260000000000000E+04   0.131009104063144E+01
   0.270000000000000E+04   0.131347087862782E+01
   0.280000000000000E+04   0.131365079225000E+01
   0.290000000000000E+04   0.131727460859681E+01
   0.300000000000000E+04   0.131245187200318E+01
   0.310000000000000E+04   0.131116054212723E+01
   0.320000000000000E+04   0.131173013681755E+01
   0.330000000000000E+04   0.131912210156719E+01
   0.340000000000000E+04   0.130740606919396E+01
   0.350000000000000E+04   0.131893532709347E+01
   0.360000000000000E+04   0.131879211799281E+01
   0.370000000000000E+04   0.132142010444870E+01
   0.380000000000000E+04   0.131155469335874E+01
   0.390000000000000E+04   0.132553043998708E+01
   0.400000000000000E+04   0.131341452698911E+01
   0.410000000000000E+04   0.132302233595442E+01
   0.420000000000000E+04   0.132435007300052E+01
   0.430000000000000E+04   0.131793666352784E+01
   0.440000000000000E+04   0.131290453558601E+01
   0.450000000000000E+04   0.131800684964852E+01
   0.460000000000000E+04   0.132276801395316E+01
   0.470000000000000E+04   0.131974888508323E+01
   0.480000000000000E+04   0.131386195275328E+01
   0.490000000000000E+04   0.132550257030229E+01
   0.500000000000000E+04   0.132105739924937E+01
   0.510000000000000E+04   0.132123022707792E+01
   0.520000000000000E+04   0.131237023721394E+01
   0.530000000000000E+04   0.132882379344147E+01
   0.540000000000000E+04   0.132304600601308E+01
   0.550000000000000E+04   0.130607636000406E+01
   0.560000000000000E+04   0.132261808474956E+01
   0.570000000000000E+04   0.131823732932913E+01
   0.580000000000000E+04   0.131470013030432E+01
   0.590000000000000E+04   0.132285008391819E+01
   0.600000000000000E+04   0.131688912046175E+01
   0.610000000000000E+04   0.131135752267258E+01
   0.620000000000000E+04   0.131431406633243E+01
   0.630000000000000E+04   0.131645142355163E+01
   0.640000000000000E+04   0.131819211349084E+01
   0.650000000000000E+04   0.131874510301576E+01
   0.660000000000000E+04   0.131215182974187E+01
   0.670000000000000E+04   0.131131902389416E+01
   0.680000000000000E+04   0.131988079003201E+01
   0.690000000000000E+04   0.130805953236472E+01
   0.700000000000000E+04   0.131776961632069E+01
   0.710000000000000E+04   0.130532646787679E+01
   0.720000000000000E+04   0.131492103763520E+01
   0.730000000000000E+04   0.131477903217913E+01
   0.740000000000000E+04   0.130602641366123E+01
   0.750000000000000E+04   0.131663621884648E+01
   0.760000000000000E+04   0.131704215120622E+01
   0.770000000000000E+04   0.131225391407631E+01
   0.780000000000000E+04   0.132230959429201E+01
   0.790000000000000E+04   0.131874824641461E+01
   0.800000000000000E+04   0.131375836376996E+01
   0.810000000000000E+04   0.131486802058786E+01
   0.820000000000000E+04   0.131932854244191E+01
   0.830000000000000E+04   0.130685460278301E+01
   0.840000000000000E+04   0.130666622201299E+01
   0.850000000000000E+04   0.130973267825423E+01
   0.860000000000000E+04   0.131015613585470E+01
   0.870000000000000E+04   0.130536324400024E+01
   0.880000000000000E+04   0.131090558061403E+01
   0.890000000000000E+04   0.130736709525378E+01
   0.900000000000000E+04   0.131280737403795E+01
   0.910000000000000E+04   0.129865244075706E+01
   0.920000000000000E+04   0.130071610714710E+01
   0.930000000000000E+04   0.130523386391571E+01
   0.940000000000000E+04   0.130542190526351E+01
   0.950000000000000E+04   0.129655894865044E+01
   0.960000000000000E+04   0.130305803650676E+01
   0.970000000000000E+04   0.130652545204399E+01
   0.980000000000000E+04   0.129885638367465E+01
   0.990000000000000E+04   0.130366278564939E+01
   0.100000000000000E+05   0.130887267927031E+01
   0.101000000000000E+05   0.130010265453042E+01
   0.102000000000000E+05   0.129948207013805E+01
   0.103000000000000E+05   0.129583322813814E+01
   0.104000000000000E+05   0.130289103665925E+01
   0.105000000000000E+05   0.130084524486519E+01
   0.106000000000000E+05   0.130220655181833E+01
   0.107000000000000E+05   0.130624873343393E+01
   0.108000000000000E+05   0.127662381834664E+01
   0.109000000000000E+05   0.130283611961066E+01
   0.110000000000000E+05   0.129441735949437E+01
   0.111000000000000E+05   0.130363578043603E+01
   0.112000000000000E+05   0.130273826377537E+01
   0.113000000000000E+05   0.128718293889650E+01
   0.114000000000000E+05   0.129982453330234E+01
   0.115000000000000E+05   0.129474080938534E+01
   0.116000000000000E+05   0.130076342640208E+01
   0.117000000000000E+05   0.130417977700562E+01
   0.118000000000000E+05   0.129725957954723E+01
   0.119000000000000E+05   0.129612164768823E+01
   0.120000000000000E+05   0.129740260127271E+01
   0.121000000000000E+05   0.129632476542168E+01
   0.122000000000000E+05   0.129698850768490E+01
   0.123000000000000E+05   0.129694674215104E+01
   0.124000000000000E+05   0.130505462476349E+01
   0.125000000000000E+05   0.129474039809563E+01
   0.126000000000000E+05   0.129258461810318E+01
   0.127000000000000E+05   0.130225977756798E+01
   0.128000000000000E+05   0.129996083239762E+01
   0.129000000000000E+05   0.129960051132315E+01
   0.130000000000000E+05   0.129430369116635E+01
   0.131000000000000E+05   0.129763499416384E+01
   0.132000000000000E+05   0.130282560032116E+01
   0.133000000000000E+05   0.129786247318120E+01
   0.134000000000000E+05   0.130003004742765E+01
   0.135000000000000E+05   0.129800066071377E+01
   0.136000000000000E+05   0.130116072438789E+01
   0.137000000000000E+05   0.130286389592361E+01
   0.138000000000000E+05   0.130227488169978E+01
   0.139000000000000E+05   0.129453784416306E+01
   0.140000000000000E+05   0.129952106022401E+01
   0.141000000000000E+05   0.130531875347640E+01
   0.142000000000000E+05   0.130673936168395E+01
   0.143000000000000E+05   0.129667961032716E+01
   0.144000000000000E+05   0.130007648611588E+01
   0.145000000000000E+05   0.130289189770981E+01
   0.146000000000000E+05   0.130403846099613E+01
   0.147000000000000E+05   0.130236973245566E+01
   0.148000000000000E+05   0.130395876520261E+01
   0.149000000000000E+05   0.128417940309519E+01
   0.150000000000000E+05   0.130520353688535E+01
   0.151000000000000E+05   0.131099847283301E+01
   0.152000000000000E+05   0.130859408332601E+01
   0.153000000000000E+05   0.131252962791303E+01
   0.154000000000000E+05   0.131137149434713E+01
   0.155000000000000E+05   0.132364078287129E+01
   0.156000000000000E+05   0.132151616606627E+01
   0.157000000000000E+05   0.131833901650803E+01
   0.158000000000000E+05   0.131964705474359E+01
   0.159000000000000E+05   0.132222172842213E+01
   0.160000000000000E+05   0.132537915665096E+01
   0.161000000000000E+05   0.131502448316252E+01
   0.162000000000000E+05   0.132507594046916E+01
   0.163000000000000E+05   0.132996564093619E+01
   0.164000000000000E+05   0.133268950297427E+01
   0.165000000000000E+05   0.133587494365549E+01
   0.166000000000000E+05   0.133189073623059E+01
   0.167000000000000E+05   0.133325736665107E+01
   0.168000000000000E+05   0.132658006502761E+01
   0.169000000000000E+05   0.133716294920014E+01
   0.170000000000000E+05   0.133970437801656E+01
   0.171000000000000E+05   0.134378431851428E+01
   0.172000000000000E+05   0.134652433715863E+01
   0.173000000000000E+05   0.134716605664943E+01
   0.174000000000000E+05   0.135051043983560E+01
   0.175000000000000E+05   0.135290662974599E+01
   0.176000000000000E+05   0.135296692934701E+01
   0.177000000000000E+05   0.135161344559080E+01
   0.178000000000000E+05   0.136095130636136E+01
   0.179000000000000E+05   0.135728704756081E+01
   0.180000000000000E+05   0.136876324217551E+01
   0.181000000000000E+05   0.136217430657841E+01
   0.182000000000000E+05   0.136301571412807E+01
   0.183000000000000E+05   0.136553996624700E+01
   0.184000000000000E+05   0.137560776483624E+01
   0.185000000000000E+05   0.137871034829180E+01
   0.186000000000000E+05   0.138194868112115E+01
   0.187000000000000E+05   0.137562217346426E+01
   0.188000000000000E+05   0.137695435234029E+01
   0.189000000000000E+05   0.138942086073591E+01
   0.190000000000000E+05   0.139449921464225E+01
   0.191000000000000E+05   0.139924685090424E+01
   0.192000000000000E+05   0.139766084801217E+01
   0.193000000000000E+05   0.140485064152889E+01
   0.194000000000000E+05   0.141279019139396E+01
   0.195000000000000E+05   0.140909306075609E+01
   0.196000000000000E+05   0.141789272230347E+01
   0.197000000000000E+05   0.141844327514116E+01
   0.198000000000000E+05   0.142218629000712E+01
   0.199000000000000E+05   0.141997273754437E+01
   0.200000000000000E+05   0.142888376536052E+01
   0.201000000000000E+05   0.142548081148940E+01
   0.202000000000000E+05   0.143361850436867E+01
   0.203000000000000E+05   0.142756072720646E+01
   0.204000000000000E+05   0.143549734826418E+01
   0.205000000000000E+05   0.144900297238460E+01
   0.206000000000000E+05   0.145763064772097E+01
   0.207000000000000E+05   0.144826302840408E+01
   0.208000000000000E+05   0.146060115910178E+01
   0.209000000000000E+05   0.146370980297772E+01
   0.210000000000000E+05   0.145449164512230E+01
   0.211000000000000E+05   0.147217931842279E+01
   0.212000000000000E+05   0.147799598300198E+01
   0.213000000000000E+05   0.148610199501498E+01
   0.214000000000000E+05   0.148076967670382E+01
   0.215000000000000E+05   0.149068802248625E+01
   0.216000000000000E+05   0.147475088729038E+01
   0.217000000000000E+05   0.150284140046187E+01
   0.218000000000000E+05   0.150744409005419E+01
   0.219000000000000E+05   0.151337275515690E+01
   0.220000000000000E+05   0.152145240815877E+01
   0.221000000000000E+05   0.151217624450499E+01
   0.222000000000000E+05   0.152497413013779E+01
   0.223000000000000E+05   0.152733198297763E+01
   0.224000000000000E+05   0.153333242399912E+01
   0.225000000000000E+05   0.154450178559578E+01
   0.226000000000000E+05   0.154338379617452E+01
   0.227000000000000E+05   0.155625097414558E+01
   0.228000000000000E+05   0.156082945990038E+01
   0.229000000000000E+05   0.156241106763799E+01
   0.230000000000000E+05   0.157902644387058E+01
   0.231000000000000E+05   0.158218013853142E+01
   0.232000000000000E+05   0.159253448597487E+01
   0.233000000000000E+05   0.158868318504620E+01
   0.234000000000000E+05   0.157883804367612E+01
   0.235000000000000E+05   0.160940906583693E+01
   0.236000000000000E+05   0.161123090369129E+01
   0.237000000000000E+05   0.162418978637131E+01
   0.238000000000000E+05   0.163891586862545E+01
   0.239000000000000E+05   0.163364361189327E+01
   0.240000000000000E+05   0.164041748317316E+01
   0.241000000000000E+05   0.164732135988089E+01
   0.242000000000000E+05   0.165696961020977E+01
   0.243000000000000E+05   0.166442062613951E+01
   0.244000000000000E+05   0.167164032666969E+01
   0.245000000000000E+05   0.166234709425588E+01
   0.246000000000000E+05   0.167551093454460E+01
   0.247000000000000E+05   0.168861941569104E+01
   0.248000000000000E+05   0.170911761111796E+01
   0.249000000000000E+05   0.168835934973505E+01
   0.250000000000000E+05   0.171310959614177E+01
   0.251000000000000E+05   0.172520731826040E+01
   0.252000000000000E+05   0.174630937920342E+01
   0.253000000000000E+05   0.173887886935960E+01
   0.254000000000000E+05   0.175864563646022E+01
   0.255000000000000E+05   0.176570411794239E+01
   0.256000000000000E+05   0.176872539274739E+01
   0.257000000000000E+05   0.178302726607251E+01
   0.258000000000000E+05   0.178261891666316E+01
   0.259000000000000E+05   0.177320644461897E+01
   0.260000000000000E+05   0.181153152845823E+01
   0.261000000000000E+05   0.178635553677956E+01
   0.262000000000000E+05   0.181273274328331E+01
   0.263000000000000E+05   0.183453305952300E+01
   0.264000000000000E+05   0.183452131292916E+01
   0.265000000000000E+05   0.184750500440857E+01
   0.266000000000000E+05   0.185684045632189E+01
   0.267000000000000E+05   0.187948610641524E+01
   0.268000000000000E+05   0.188873486830210E+01
   0.269000000000000E+05   0.187974862017622E+01
   0.270000000000000E+05   0.190654145127800E+01
   0.271000000000000E+05   0.191651008163331E+01
   0.272000000000000E+05   0.191726365817196E+01
   0.273000000000000E+05   0.194025786450319E+01
   0.274000000000000E+05   0.194998200459050E+01
   0.275000000000000E+05   0.195600207002254E+01
   0.276000000000000E+05   0.197099876948934E+01
   0.277000000000000E+05   0.199108840109990E+01
   0.278000000000000E+05   0.197513614190665E+01
   0.279000000000000E+05   0.200777720782483E+01
   0.280000000000000E+05   0.202033537699476E+01
   0.281000000000000E+05   0.203524239993058E+01
   0.282000000000000E+05   0.204410649928811E+01
   0.283000000000000E+05   0.204798660031554E+01
   0.284000000000000E+05   0.207102957516390E+01
   0.285000000000000E+05   0.207633856428274E+01
   0.286000000000000E+05   0.207179996304709E+01
   0.287000000000000E+05   0.210463401488682E+01
   0.288000000000000E+05   0.210860793730395E+01
   0.289000000000000E+05   0.213261957972822E+01
   0.290000000000000E+05   0.213433579596795E+01
   0.291000000000000E+05   0.210877959952275E+01
   0.292000000000000E+05   0.216363609619574E+01
   0.293000000000000E+05   0.217187003942098E+01
   0.294000000000000E+05   0.220290937639468E+01
   0.295000000000000E+05   0.221850177252998E+01
   0.296000000000000E+05   0.223221267732243E+01
   0.297000000000000E+05   0.224835464290104E+01
   0.298000000000000E+05   0.225933390187459E+01
   0.299000000000000E+05   0.227629609652048E+01
   0.300000000000000E+05   0.231062700450074E+01
   0.301000000000000E+05   0.232670021513395E+01
   0.302000000000000E+05   0.233361558271406E+01
   0.303000000000000E+05   0.229087227055982E+01
   0.304000000000000E+05   0.239398474284789E+01
   0.305000000000000E+05   0.240280946453280E+01
   0.306000000000000E+05   0.241905533212897E+01
   0.307000000000000E+05   0.241535338391554E+01
   0.308000000000000E+05   0.251748103985633E+01
   0.309000000000000E+05   0.249614427507112E+01
   0.310000000000000E+05   0.257609242419832E+01
   0.311000000000000E+05   0.262592053173022E+01
   0.312000000000000E+05   0.269068490012858E+01
   0.313000000000000E+05   0.272883129305412E+01
   0.314000000000000E+05   0.282063462671160E+01
   0.315000000000000E+05   0.291484156733824E+01
   0.316000000000000E+05   0.303393573650750E+01
   0.317000000000000E+05   0.316208383703376E+01
   0.318000000000000E+05   0.336168239248983E+01
   0.319000000000000E+05   0.355710757575283E+01
   0.320000000000000E+05   0.389867202889617E+01
   0.321000000000000E+05   0.434986543188783E+01
   0.322000000000000E+05   0.503248674163391E+01
   0.323000000000000E+05   0.615814203886694E+01
   0.324000000000000E+05   0.778583393946272E+01
   0.325000000000000E+05   0.937340172688184E+01
   0.326000000000000E+05   0.106409748899368E+02
   0.327000000000000E+05   0.103780688497219E+02
   0.328000000000000E+05   0.871430317918150E+01
   0.329000000000000E+05   0.665405161416028E+01
   0.330000000000000E+05   0.537332614405992E+01
   0.331000000000000E+05   0.457252951501505E+01
   0.332000000000000E+05   0.392755873242488E+01
   0.333000000000000E+05   0.345330981285999E+01
   0.334000000000000E+05   0.318145402297988E+01
   0.335000000000000E+05   0.302507586367417E+01
   0.336000000000000E+05   0.276762206625770E+01
   0.337000000000000E+05   0.271403631918525E+01
   0.338000000000000E+05   0.265253529152265E+01
   0.339000000000000E+05   0.257518589509745E+01
   0.340000000000000E+05   0.252093714906496E+01
   0.341000000000000E+05   0.250490433554702E+01
   0.342000000000000E+05   0.244482865618880E+01
   0.343000000000000E+05   0.240703980127695E+01
   0.344000000000000E+05   0.238130332478139E+01
   0.345000000000000E+05   0.236214528997577E+01
   0.346000000000000E+05   0.233775729508656E+01
   0.347000000000000E+05   0.232572203441161E+01
   0.348000000000000E+05   0.230474645815989E+01
   0.349000000000000E+05   0.228943747085863E+01
   0.350000000000000E+05   0.229250430428141E+01
   0.351000000000000E+05   0.223883340711361E+01
   0.352000000000000E+05   0.224274258746452E+01
   0.353000000000000E+05   0.220447017333162E+01
   0.354000000000000E+05   0.221591639318446E+01
   0.355000000000000E+05   0.217324081753298E+01
   0.356000000000000E+05   0.214753925560255E+01
   0.357000000000000E+05   0.214767670622512E+01
   0.358000000000000E+05   0.212628447435781E+01
   0.359000000000000E+05   0.210914262906665E+01
   0.360000000000000E+05   0.208482261609367E+01
   0.361000000000000E+05   0.204991000839073E+01
   0.362000000000000E+05   0.204095355182182E+01
   0.363000000000000E+05   0.201666798330469E+01
   0.364000000000000E+05   0.201370353384588E+01
   0.365000000000000E+05   0.195301849286281E+01
   0.366000000000000E+05   0.196537518801210E+01
   0.367000000000000E+05   0.193216250769654E+01
   0.368000000000000E+05   0.192718327975708E+01
   0.369000000000000E+05   0.186057283765694E+01
   0.370000000000000E+05   0.186763250330477E+01
   0.371000000000000E+05   0.180304694569247E+01
   0.372000000000000E+05   0.182242886656443E+01
   0.373000000000000E+05   0.180136356404128E+01
   0.374000000000000E+05   0.177528825038706E+01
   0.375000000000000E+05   0.175556956946206E+01
   0.376000000000000E+05   0.173601748602123E+01
   0.377000000000000E+05   0.170582161631811E+01
   0.378000000000000E+05   0.166694325084927E+01
   0.379000000000000E+05   0.164428462120947E+01
   0.380000000000000E+05   0.161850437029070E+01
   0.381000000000000E+05   0.159029579807215E+01
   0.382000000000000E+05   0.155347541815162E+01
   0.383000000000000E+05   0.153360027880075E+01
   0.384000000000000E+05   0.150731937301264E+01
   0.385000000000000E+05   0.148700999317939E+01
   0.386000000000000E+05   0.145450398550047E+01
   0.387000000000000E+05   0.141631929096672E+01
   0.388000000000000E+05   0.138915732143649E+01
   0.389000000000000E+05   0.135951319812879E+01
   0.390000000000000E+05   0.133611798329386E+01
   0.391000000000000E+05   0.130326749019025E+01
   0.392000000000000E+05   0.126138503596397E+01
   0.393000000000000E+05   0.124468062171140E+01
   0.394000000000000E+05   0.120783240192892E+01
   0.395000000000000E+05   0.116142554131968E+01
   0.396000000000000E+05   0.113586144589434E+01
   0.397000000000000E+05   0.109873495301005E+01
   0.398000000000000E+05   0.107123870884211E+01
   0.399000000000000E+05   0.103767941461290E+01
   0.400000000000000E+05   0.101638807260373E+01
 
 
