   0.000000000000000E+00   0.130406685180700E+01
   0.100000000000000E+03   0.130406685180639E+01
   0.200000000000000E+03   0.130406685180700E+01
   0.300000000000000E+03   0.130406685180639E+01
   0.400000000000000E+03   0.130406685180700E+01
   0.500000000000000E+03   0.130406685180743E+01
   0.600000000000000E+03   0.130406685180596E+01
   0.700000000000000E+03   0.130406685180683E+01
   0.800000000000000E+03   0.130406685180657E+01
   0.900000000000000E+03   0.130406685180657E+01
   0.100000000000000E+04   0.130406685180628E+01
   0.110000000000000E+04   0.130406685180668E+01
   0.120000000000000E+04   0.130406685180645E+01
   0.130000000000000E+04   0.130406685180651E+01
   0.140000000000000E+04   0.130406685180662E+01
   0.150000000000000E+04   0.130406685180719E+01
   0.160000000000000E+04   0.130406685180651E+01
   0.170000000000000E+04   0.130406685180697E+01
   0.180000000000000E+04   0.130406685180697E+01
   0.190000000000000E+04   0.130406685180515E+01
   0.200000000000000E+04   0.130406685180424E+01
   0.210000000000000E+04   0.130406685180242E+01
   0.220000000000000E+04   0.130406685180060E+01
   0.230000000000000E+04   0.130406685180787E+01
   0.240000000000000E+04   0.130406685180787E+01
   0.250000000000000E+04   0.130406685179332E+01
   0.260000000000000E+04   0.130406685182243E+01
   0.270000000000000E+04   0.130406685179332E+01
   0.280000000000000E+04   0.130406685180787E+01
   0.290000000000000E+04   0.130406685179332E+01
   0.300000000000000E+04   0.130406685182243E+01
   0.310000000000000E+04   0.130406685179332E+01
   0.320000000000000E+04   0.130406685173512E+01
   0.330000000000000E+04   0.130406685179332E+01
   0.340000000000000E+04   0.130406685161870E+01
   0.350000000000000E+04   0.130406685185153E+01
   0.360000000000000E+04   0.130406685196795E+01
   0.370000000000000E+04   0.130406685150228E+01
   0.380000000000000E+04   0.130406685208436E+01
   0.390000000000000E+04   0.130406685185153E+01
   0.400000000000000E+04   0.130406685173512E+01
   0.410000000000000E+04   0.130406685150228E+01
   0.420000000000000E+04   0.130406685266644E+01
   0.430000000000000E+04   0.130406685150228E+01
   0.440000000000000E+04   0.130406685173512E+01
   0.450000000000000E+04   0.130406685126945E+01
   0.460000000000000E+04   0.130406685173512E+01
   0.470000000000000E+04   0.130406685080379E+01
   0.480000000000000E+04   0.130406684800982E+01
   0.490000000000000E+04   0.130406685173512E+01
   0.500000000000000E+04   0.130406684987247E+01
   0.510000000000000E+04   0.130406685173512E+01
   0.520000000000000E+04   0.130406684428453E+01
   0.530000000000000E+04   0.130406685359776E+01
   0.540000000000000E+04   0.130406684987247E+01
   0.550000000000000E+04   0.130406685173512E+01
   0.560000000000000E+04   0.130406685918570E+01
   0.570000000000000E+04   0.130406684428453E+01
   0.580000000000000E+04   0.130406685173512E+01
   0.590000000000000E+04   0.130406685173512E+01
   0.600000000000000E+04   0.130406684800982E+01
   0.610000000000000E+04   0.130406684800982E+01
   0.620000000000000E+04   0.130406684055924E+01
   0.630000000000000E+04   0.130406685918570E+01
   0.640000000000000E+04   0.130406685173512E+01
   0.650000000000000E+04   0.130406686663628E+01
   0.660000000000000E+04   0.130406682193279E+01
   0.670000000000000E+04   0.130406685918570E+01
   0.680000000000000E+04   0.130406682193279E+01
   0.690000000000000E+04   0.130406683683395E+01
   0.700000000000000E+04   0.130406691133976E+01
   0.710000000000000E+04   0.130406686663628E+01
   0.720000000000000E+04   0.130406682193279E+01
   0.730000000000000E+04   0.130406679213047E+01
   0.740000000000000E+04   0.130406688153744E+01
   0.750000000000000E+04   0.130406674742699E+01
   0.760000000000000E+04   0.130406680703163E+01
   0.770000000000000E+04   0.130406680703163E+01
   0.780000000000000E+04   0.130406686663628E+01
   0.790000000000000E+04   0.130406680703163E+01
   0.800000000000000E+04   0.130406683683395E+01
   0.810000000000000E+04   0.130406701564789E+01
   0.820000000000000E+04   0.130406677722931E+01
   0.830000000000000E+04   0.130406683683395E+01
   0.840000000000000E+04   0.130406659841537E+01
   0.850000000000000E+04   0.130406695604324E+01
   0.860000000000000E+04   0.130406695604324E+01
   0.870000000000000E+04   0.130406689643860E+01
   0.880000000000000E+04   0.130406701564789E+01
   0.890000000000000E+04   0.130406713485718E+01
   0.900000000000000E+04   0.130406701564789E+01
   0.910000000000000E+04   0.130406689643860E+01
   0.920000000000000E+04   0.130406725406647E+01
   0.930000000000000E+04   0.130406737327576E+01
   0.940000000000000E+04   0.130406653881073E+01
   0.950000000000000E+04   0.130406665802002E+01
   0.960000000000000E+04   0.130406749248505E+01
   0.970000000000000E+04   0.130406713485718E+01
   0.980000000000000E+04   0.130406665802002E+01
   0.990000000000000E+04   0.130406713485718E+01
   0.100000000000000E+05   0.130406737327576E+01
   0.101000000000000E+05   0.130406594276428E+01
   0.102000000000000E+05   0.130406641960144E+01
   0.103000000000000E+05   0.130406641960144E+01
   0.104000000000000E+05   0.130406618118286E+01
   0.105000000000000E+05   0.130406761169434E+01
   0.106000000000000E+05   0.130406618118286E+01
   0.107000000000000E+05   0.130406761169434E+01
   0.108000000000000E+05   0.130406665802002E+01
   0.109000000000000E+05   0.130406761169434E+01
   0.110000000000000E+05   0.130406808853149E+01
   0.111000000000000E+05   0.130406618118286E+01
   0.112000000000000E+05   0.130406665802002E+01
   0.113000000000000E+05   0.130406713485718E+01
   0.114000000000000E+05   0.130406808853149E+01
   0.115000000000000E+05   0.130406761169434E+01
   0.116000000000000E+05   0.130406761169434E+01
   0.117000000000000E+05   0.130406475067139E+01
   0.118000000000000E+05   0.130406284332275E+01
   0.119000000000000E+05   0.130406665802002E+01
   0.120000000000000E+05   0.130406761169434E+01
   0.121000000000000E+05   0.130406665802002E+01
   0.122000000000000E+05   0.130406665802002E+01
   0.123000000000000E+05   0.130406856536865E+01
   0.124000000000000E+05   0.130406951904297E+01
   0.125000000000000E+05   0.130406379699707E+01
   0.126000000000000E+05   0.130406761169434E+01
   0.127000000000000E+05   0.130407333374023E+01
   0.128000000000000E+05   0.130406951904297E+01
   0.129000000000000E+05   0.130406379699707E+01
   0.130000000000000E+05   0.130405807495117E+01
   0.131000000000000E+05   0.130406951904297E+01
   0.132000000000000E+05   0.130405235290527E+01
   0.133000000000000E+05   0.130407905578613E+01
   0.134000000000000E+05   0.130405998229980E+01
   0.135000000000000E+05   0.130405998229980E+01
   0.136000000000000E+05   0.130407333374023E+01
   0.137000000000000E+05   0.130406570434570E+01
   0.138000000000000E+05   0.130406570434570E+01
   0.139000000000000E+05   0.130406570434570E+01
   0.140000000000000E+05   0.130408477783203E+01
   0.141000000000000E+05   0.130405807495117E+01
   0.142000000000000E+05   0.130406570434570E+01
   0.143000000000000E+05   0.130406951904297E+01
   0.144000000000000E+05   0.130406951904297E+01
   0.145000000000000E+05   0.130404663085938E+01
   0.146000000000000E+05   0.130405426025391E+01
   0.147000000000000E+05   0.130406951904297E+01
   0.148000000000000E+05   0.130406951904297E+01
   0.149000000000000E+05   0.130409622192383E+01
   0.150000000000000E+05   0.130403900146484E+01
   0.151000000000000E+05   0.130406188964844E+01
   0.152000000000000E+05   0.130407714843750E+01
   0.153000000000000E+05   0.130409240722656E+01
   0.154000000000000E+05   0.130406951904297E+01
   0.155000000000000E+05   0.130404663085938E+01
   0.156000000000000E+05   0.130405426025391E+01
   0.157000000000000E+05   0.130407714843750E+01
   0.158000000000000E+05   0.130406188964844E+01
   0.159000000000000E+05   0.130407714843750E+01
   0.160000000000000E+05   0.130408477783203E+01
   0.161000000000000E+05   0.130407714843750E+01
   0.162000000000000E+05   0.130405426025391E+01
   0.163000000000000E+05   0.130407714843750E+01
   0.164000000000000E+05   0.130404663085938E+01
   0.165000000000000E+05   0.130404663085938E+01
   0.166000000000000E+05   0.130409240722656E+01
   0.167000000000000E+05   0.130398559570312E+01
   0.168000000000000E+05   0.130400085449219E+01
   0.169000000000000E+05   0.130409240722656E+01
   0.170000000000000E+05   0.130406188964844E+01
   0.171000000000000E+05   0.130404663085938E+01
   0.172000000000000E+05   0.130412292480469E+01
   0.173000000000000E+05   0.130400085449219E+01
   0.174000000000000E+05   0.130410766601562E+01
   0.175000000000000E+05   0.130412292480469E+01
   0.176000000000000E+05   0.130410766601562E+01
   0.177000000000000E+05   0.130404663085938E+01
   0.178000000000000E+05   0.130410766601562E+01
   0.179000000000000E+05   0.130404663085938E+01
   0.180000000000000E+05   0.130401611328125E+01
   0.181000000000000E+05   0.130413818359375E+01
   0.182000000000000E+05   0.130407714843750E+01
   0.183000000000000E+05   0.130416870117188E+01
   0.184000000000000E+05   0.130413818359375E+01
   0.185000000000000E+05   0.130410766601562E+01
   0.186000000000000E+05   0.130401611328125E+01
   0.187000000000000E+05   0.130410766601562E+01
   0.188000000000000E+05   0.130410766601562E+01
   0.189000000000000E+05   0.130407714843750E+01
   0.190000000000000E+05   0.130401611328125E+01
   0.191000000000000E+05   0.130410766601562E+01
   0.192000000000000E+05   0.130413818359375E+01
   0.193000000000000E+05   0.130398559570312E+01
   0.194000000000000E+05   0.130407714843750E+01
   0.195000000000000E+05   0.130407714843750E+01
   0.196000000000000E+05   0.130401611328125E+01
   0.197000000000000E+05   0.130432128906250E+01
   0.198000000000000E+05   0.130401611328125E+01
   0.199000000000000E+05   0.130407714843750E+01
   0.200000000000000E+05   0.130401611328125E+01
   0.201000000000000E+05   0.130395507812500E+01
   0.202000000000000E+05   0.130401611328125E+01
   0.203000000000000E+05   0.130407714843750E+01
   0.204000000000000E+05   0.130413818359375E+01
   0.205000000000000E+05   0.130413818359375E+01
   0.206000000000000E+05   0.130377197265625E+01
   0.207000000000000E+05   0.130389404296875E+01
   0.208000000000000E+05   0.130401611328125E+01
   0.209000000000000E+05   0.130426025390625E+01
   0.210000000000000E+05   0.130371093750000E+01
   0.211000000000000E+05   0.130395507812500E+01
   0.212000000000000E+05   0.130395507812500E+01
   0.213000000000000E+05   0.130419921875000E+01
   0.214000000000000E+05   0.130371093750000E+01
   0.215000000000000E+05   0.130383300781250E+01
   0.216000000000000E+05   0.130444335937500E+01
   0.217000000000000E+05   0.130407714843750E+01
   0.218000000000000E+05   0.130407714843750E+01
   0.219000000000000E+05   0.130371093750000E+01
   0.220000000000000E+05   0.130358886718750E+01
   0.221000000000000E+05   0.130456542968750E+01
   0.222000000000000E+05   0.130395507812500E+01
   0.223000000000000E+05   0.130358886718750E+01
   0.224000000000000E+05   0.130346679687500E+01
   0.225000000000000E+05   0.130419921875000E+01
   0.226000000000000E+05   0.130419921875000E+01
   0.227000000000000E+05   0.130432128906250E+01
   0.228000000000000E+05   0.130444335937500E+01
   0.229000000000000E+05   0.130419921875000E+01
   0.230000000000000E+05   0.130407714843750E+01
   0.231000000000000E+05   0.130468750000000E+01
   0.232000000000000E+05   0.130517578125000E+01
   0.233000000000000E+05   0.130419921875000E+01
   0.234000000000000E+05   0.130419921875000E+01
   0.235000000000000E+05   0.130444335937500E+01
   0.236000000000000E+05   0.130395507812500E+01
   0.237000000000000E+05   0.130468750000000E+01
   0.238000000000000E+05   0.130419921875000E+01
   0.239000000000000E+05   0.130493164062500E+01
   0.240000000000000E+05   0.130444335937500E+01
   0.241000000000000E+05   0.130346679687500E+01
   0.242000000000000E+05   0.130419921875000E+01
   0.243000000000000E+05   0.130395507812500E+01
   0.244000000000000E+05   0.130249023437500E+01
   0.245000000000000E+05   0.130419921875000E+01
   0.246000000000000E+05   0.130395507812500E+01
   0.247000000000000E+05   0.130371093750000E+01
   0.248000000000000E+05   0.130468750000000E+01
   0.249000000000000E+05   0.130517578125000E+01
   0.250000000000000E+05   0.130517578125000E+01
   0.251000000000000E+05   0.130468750000000E+01
   0.252000000000000E+05   0.130273437500000E+01
   0.253000000000000E+05   0.130371093750000E+01
   0.254000000000000E+05   0.130419921875000E+01
   0.255000000000000E+05   0.130273437500000E+01
   0.256000000000000E+05   0.130566406250000E+01
   0.257000000000000E+05   0.130615234375000E+01
   0.258000000000000E+05   0.130517578125000E+01
   0.259000000000000E+05   0.130615234375000E+01
   0.260000000000000E+05   0.130468750000000E+01
   0.261000000000000E+05   0.130371093750000E+01
   0.262000000000000E+05   0.130566406250000E+01
   0.263000000000000E+05   0.130566406250000E+01
   0.264000000000000E+05   0.130371093750000E+01
   0.265000000000000E+05   0.130468750000000E+01
   0.266000000000000E+05   0.130322265625000E+01
   0.267000000000000E+05   0.130175781250000E+01
   0.268000000000000E+05   0.130419921875000E+01
   0.269000000000000E+05   0.130664062500000E+01
   0.270000000000000E+05   0.130566406250000E+01
   0.271000000000000E+05   0.130371093750000E+01
   0.272000000000000E+05   0.130273437500000E+01
   0.273000000000000E+05   0.130517578125000E+01
   0.274000000000000E+05   0.130419921875000E+01
   0.275000000000000E+05   0.130566406250000E+01
   0.276000000000000E+05   0.130664062500000E+01
   0.277000000000000E+05   0.130175781250000E+01
   0.278000000000000E+05   0.130078125000000E+01
   0.279000000000000E+05   0.130664062500000E+01
   0.280000000000000E+05   0.130175781250000E+01
   0.281000000000000E+05   0.130273437500000E+01
   0.282000000000000E+05   0.129785156250000E+01
   0.283000000000000E+05   0.130371093750000E+01
   0.284000000000000E+05   0.130078125000000E+01
   0.285000000000000E+05   0.130664062500000E+01
   0.286000000000000E+05   0.130371093750000E+01
   0.287000000000000E+05   0.130371093750000E+01
   0.288000000000000E+05   0.130468750000000E+01
   0.289000000000000E+05   0.130957031250000E+01
   0.290000000000000E+05   0.130761718750000E+01
   0.291000000000000E+05   0.130273437500000E+01
   0.292000000000000E+05   0.130371093750000E+01
   0.293000000000000E+05   0.130468750000000E+01
   0.294000000000000E+05   0.130468750000000E+01
   0.295000000000000E+05   0.130371093750000E+01
   0.296000000000000E+05   0.130859375000000E+01
   0.297000000000000E+05   0.130761718750000E+01
   0.298000000000000E+05   0.130468750000000E+01
   0.299000000000000E+05   0.131054687500000E+01
   0.300000000000000E+05   0.130468750000000E+01
   0.301000000000000E+05   0.130468750000000E+01
   0.302000000000000E+05   0.130078125000000E+01
   0.303000000000000E+05   0.130859375000000E+01
   0.304000000000000E+05   0.130859375000000E+01
   0.305000000000000E+05   0.130078125000000E+01
   0.306000000000000E+05   0.130468750000000E+01
   0.307000000000000E+05   0.130273437500000E+01
   0.308000000000000E+05   0.130078125000000E+01
   0.309000000000000E+05   0.130468750000000E+01
   0.310000000000000E+05   0.131054687500000E+01
   0.311000000000000E+05   0.130078125000000E+01
   0.312000000000000E+05   0.129882812500000E+01
   0.313000000000000E+05   0.131054687500000E+01
   0.314000000000000E+05   0.130273437500000E+01
   0.315000000000000E+05   0.129687500000000E+01
   0.316000000000000E+05   0.130468750000000E+01
   0.317000000000000E+05   0.131250000000000E+01
   0.318000000000000E+05   0.130664062500000E+01
   0.319000000000000E+05   0.130664062500000E+01
   0.320000000000000E+05   0.129687500000000E+01
   0.321000000000000E+05   0.130664062500000E+01
   0.322000000000000E+05   0.129296875000000E+01
   0.323000000000000E+05   0.131054687500000E+01
   0.324000000000000E+05   0.131250000000000E+01
   0.325000000000000E+05   0.129882812500000E+01
   0.326000000000000E+05   0.130078125000000E+01
   0.327000000000000E+05   0.130078125000000E+01
   0.328000000000000E+05   0.130078125000000E+01
   0.329000000000000E+05   0.130859375000000E+01
   0.330000000000000E+05   0.130078125000000E+01
   0.331000000000000E+05   0.131640625000000E+01
   0.332000000000000E+05   0.131640625000000E+01
   0.333000000000000E+05   0.129296875000000E+01
   0.334000000000000E+05   0.128125000000000E+01
   0.335000000000000E+05   0.132421875000000E+01
   0.336000000000000E+05   0.129296875000000E+01
   0.337000000000000E+05   0.130468750000000E+01
   0.338000000000000E+05   0.130078125000000E+01
   0.339000000000000E+05   0.130468750000000E+01
   0.340000000000000E+05   0.131640625000000E+01
   0.341000000000000E+05   0.130859375000000E+01
   0.342000000000000E+05   0.131640625000000E+01
   0.343000000000000E+05   0.128515625000000E+01
   0.344000000000000E+05   0.131640625000000E+01
   0.345000000000000E+05   0.128906250000000E+01
   0.346000000000000E+05   0.129296875000000E+01
   0.347000000000000E+05   0.129687500000000E+01
   0.348000000000000E+05   0.131640625000000E+01
   0.349000000000000E+05   0.131250000000000E+01
   0.350000000000000E+05   0.130468750000000E+01
   0.351000000000000E+05   0.129296875000000E+01
   0.352000000000000E+05   0.129687500000000E+01
   0.353000000000000E+05   0.133203125000000E+01
   0.354000000000000E+05   0.129687500000000E+01
   0.355000000000000E+05   0.131250000000000E+01
   0.356000000000000E+05   0.132031250000000E+01
   0.357000000000000E+05   0.131250000000000E+01
   0.358000000000000E+05   0.132812500000000E+01
   0.359000000000000E+05   0.130468750000000E+01
   0.360000000000000E+05   0.133593750000000E+01
   0.361000000000000E+05   0.131250000000000E+01
   0.362000000000000E+05   0.130468750000000E+01
   0.363000000000000E+05   0.130468750000000E+01
   0.364000000000000E+05   0.129687500000000E+01
   0.365000000000000E+05   0.129687500000000E+01
   0.366000000000000E+05   0.133593750000000E+01
   0.367000000000000E+05   0.126562500000000E+01
   0.368000000000000E+05   0.133593750000000E+01
   0.369000000000000E+05   0.131250000000000E+01
   0.370000000000000E+05   0.130468750000000E+01
   0.371000000000000E+05   0.132812500000000E+01
   0.372000000000000E+05   0.134375000000000E+01
   0.373000000000000E+05   0.132031250000000E+01
   0.374000000000000E+05   0.134375000000000E+01
   0.375000000000000E+05   0.132812500000000E+01
   0.376000000000000E+05   0.128125000000000E+01
   0.377000000000000E+05   0.129687500000000E+01
   0.378000000000000E+05   0.133593750000000E+01
   0.379000000000000E+05   0.132031250000000E+01
   0.380000000000000E+05   0.132812500000000E+01
   0.381000000000000E+05   0.131250000000000E+01
   0.382000000000000E+05   0.134375000000000E+01
   0.383000000000000E+05   0.127343750000000E+01
   0.384000000000000E+05   0.128906250000000E+01
   0.385000000000000E+05   0.132031250000000E+01
   0.386000000000000E+05   0.129687500000000E+01
   0.387000000000000E+05   0.132812500000000E+01
   0.388000000000000E+05   0.134375000000000E+01
   0.389000000000000E+05   0.131250000000000E+01
   0.390000000000000E+05   0.131250000000000E+01
   0.391000000000000E+05   0.129687500000000E+01
   0.392000000000000E+05   0.134375000000000E+01
   0.393000000000000E+05   0.134375000000000E+01
   0.394000000000000E+05   0.128125000000000E+01
   0.395000000000000E+05   0.132812500000000E+01
   0.396000000000000E+05   0.126562500000000E+01
   0.397000000000000E+05   0.129687500000000E+01
   0.398000000000000E+05   0.132812500000000E+01
   0.399000000000000E+05   0.126562500000000E+01
   0.400000000000000E+05   0.126562500000000E+01
 
 
