86169.3  0
95743.7  0
124467  0
172339  0
239359  0
325529  0
430847  -0.34366
555313  -0.548327
698929  -0.225031
861693  -0.225537
1.04361e+06  -0.226817
1.24467e+06  -0.180796
1.46488e+06  -0.166809
1.70424e+06  -0.201738
1.96275e+06  -0.16668
2.2404e+06  -0.488987
2.53721e+06  -0.149806
2.85316e+06  -0.34379
3.18827e+06  -0.176048
3.54252e+06  -0.188877
3.91592e+06  -0.334067
4.30847e+06  -0.132007
4.72016e+06  -0.177288
5.15101e+06  -0.193827
5.60101e+06  -0.239497
6.07015e+06  -0.244728
6.55844e+06  -0.236569
7.06589e+06  -0.185405
7.59248e+06  -0.205681
8.13821e+06  -0.204731
8.7031e+06  -0.224054
9.28714e+06  -0.146495
9.89032e+06  -0.190582
1.05127e+07  -0.237528
1.11541e+07  -0.224913
1.18148e+07  -0.248703
1.24946e+07  -0.252041
1.31935e+07  -0.171601
1.39116e+07  -0.222799
1.46488e+07  -0.218293
1.54052e+07  -0.195434
1.61807e+07  -0.255776
1.69754e+07  -0.247945
1.77892e+07  -0.240832
1.86222e+07  -0.188313
1.94743e+07  -0.20877
2.03455e+07  -0.253449
2.1236e+07  -0.223396
2.21455e+07  -0.174398
2.30742e+07  -0.265871
2.40221e+07  -0.24837
2.49891e+07  -0.179459
2.59753e+07  -0.19327
2.69806e+07  -0.261732
2.8005e+07  -0.238916
2.90486e+07  -0.203046
3.01114e+07  -0.198995
3.11933e+07  -0.196427
3.22944e+07  -0.20076
3.34146e+07  -0.231466
3.45539e+07  -0.215095
3.57124e+07  -0.244535
3.689e+07  -0.256132
3.80868e+07  -0.299873
3.93028e+07  -0.218152
4.05379e+07  -0.201853
4.17921e+07  -0.234234
4.30655e+07  -0.228098
4.43581e+07  -0.229246
4.56697e+07  -0.221467
4.70006e+07  -0.30064
4.83506e+07  -0.245185
4.97197e+07  -0.223954
5.1108e+07  -0.195295
5.25154e+07  -0.231945
5.3942e+07  -0.193217
5.53877e+07  -0.309921
5.68526e+07  -0.208163
5.83366e+07  -0.243505
5.98398e+07  -0.238041
6.13621e+07  -0.224906
6.29036e+07  -0.22849
6.44642e+07  -0.236487
6.6044e+07  -0.216012
6.76429e+07  -0.246381
6.9261e+07  -0.23758
7.08982e+07  -0.245786
7.25546e+07  -0.208704
7.42301e+07  -0.215096
7.59248e+07  -0.211926
7.76386e+07  -0.23803
7.93715e+07  -0.220123
8.11236e+07  -0.252095
8.28949e+07  -0.22072
8.46853e+07  -0.214361
8.64949e+07  -0.214549
8.83236e+07  -0.228839
9.01714e+07  -0.235041
9.20384e+07  -0.215588
9.39246e+07  -0.218988
9.58299e+07  -0.216131
9.77543e+07  -0.208874
9.96979e+07  -0.238531
1.01661e+08  -0.239121
1.03643e+08  -0.221949
1.05644e+08  -0.218515
1.07664e+08  -0.206243
1.09703e+08  -0.235407
1.11762e+08  -0.21081
1.13839e+08  -0.23314
1.15936e+08  -0.338188
1.18052e+08  -0.238766
1.20187e+08  -0.229132
1.22341e+08  -0.214533
1.24515e+08  -0.224574
1.26707e+08  -0.207884
1.28919e+08  -0.219037
1.3115e+08  -0.233189
1.334e+08  -0.230825
1.35669e+08  -0.224668
1.37957e+08  -0.212821
1.40265e+08  -0.234248
1.42591e+08  -0.21245
1.44937e+08  -0.229265
1.47302e+08  -0.232152
1.49686e+08  -0.21671
1.52089e+08  -0.21265
1.54511e+08  -0.234723
1.56953e+08  -0.219835
1.59413e+08  -0.220891
1.61893e+08  -0.226955
1.64392e+08  -0.205868
1.6691e+08  -0.223056
1.69447e+08  -0.221164
1.72004e+08  -0.211661
1.74579e+08  -0.244662
1.77174e+08  -0.2284
1.79788e+08  -0.217753
1.8242e+08  -0.233852
1.85073e+08  -0.233617
1.87744e+08  -0.213821
1.90434e+08  -0.221516
1.93144e+08  -0.21899
1.95872e+08  -0.235706
1.9862e+08  -0.227281
2.01387e+08  -0.228983
2.04173e+08  -0.222625
2.06979e+08  -0.234647
2.09803e+08  -0.220509
2.12647e+08  -0.225455
2.1551e+08  -0.219386
2.18391e+08  -0.224876
2.21292e+08  -0.216294
2.24213e+08  -0.230278
2.27152e+08  -0.236983
2.3011e+08  -0.223079
2.33088e+08  -0.211421
2.36085e+08  -0.212516
2.39101e+08  -0.218531
2.42136e+08  -0.237644
2.4519e+08  -0.2225
2.48263e+08  -0.21798
2.51356e+08  -0.219641
2.54468e+08  -0.225424
2.57598e+08  -0.217466
2.60748e+08  -0.226149
2.63918e+08  -0.223619
2.67106e+08  -0.229027
2.70313e+08  -0.217991
2.7354e+08  -0.229516
2.76785e+08  -0.221
2.8005e+08  -0.215131
2.83334e+08  -0.222346
2.86637e+08  -0.226043
2.8996e+08  -0.224893
2.93301e+08  -0.222951
2.96662e+08  -0.226279
3.00042e+08  -0.219607
3.03441e+08  -0.225554
3.06859e+08  -0.227734
3.10296e+08  -0.218579
3.13752e+08  -0.227061
3.17228e+08  -0.228183
3.20722e+08  -0.237038
3.24236e+08  -0.214306
3.27769e+08  -0.223182
3.31321e+08  -0.228716
3.34892e+08  -0.22052
3.38483e+08  -0.215886
3.42092e+08  -0.217067
3.45721e+08  -0.228211
3.49369e+08  -0.216165
3.53036e+08  -0.225431
3.56722e+08  -0.21723
3.60427e+08  -0.220794
3.64152e+08  -0.221651
3.67895e+08  -0.227008
3.71658e+08  -0.224908
3.7544e+08  -0.231191
3.79241e+08  -0.222333
3.83061e+08  -0.214269
3.869e+08  -0.230248
3.90759e+08  -0.223158
3.94636e+08  -0.219541
3.98533e+08  -0.22302
4.02449e+08  -0.221156
4.06384e+08  -0.218604
4.10338e+08  -0.225474
4.14312e+08  -0.236864
4.18304e+08  -0.23057
4.22316e+08  -0.224866
4.26347e+08  -0.220326
4.30397e+08  -0.23869
4.34466e+08  -0.214646
4.38554e+08  -0.246849
4.42661e+08  -0.229346
4.46788e+08  -0.227067
4.50934e+08  -0.226657
4.55099e+08  -0.223648
4.59283e+08  -0.222434
4.63486e+08  -0.223229
4.67708e+08  -0.22726
4.71949e+08  -0.221825
4.7621e+08  -0.222853
4.8049e+08  -0.236324
4.84789e+08  -0.227207
4.89107e+08  -0.227734
4.93444e+08  -0.235274
4.978e+08  -0.217412
5.02176e+08  -0.235785
5.0657e+08  -0.223801
5.10984e+08  -0.220268
5.15417e+08  -0.220159
5.19869e+08  -0.223601
5.2434e+08  -0.228619
5.28831e+08  -0.224626
5.3334e+08  -0.222385
5.37869e+08  -0.225441
5.42417e+08  -0.230384
5.46984e+08  -0.216063
5.5157e+08  -0.229079
5.56175e+08  -0.222523
5.608e+08  -0.221417
5.65443e+08  -0.224679
5.70106e+08  -0.222893
5.74788e+08  -0.222755
5.79489e+08  -0.238752
5.84209e+08  -0.228377
5.88948e+08  -0.224591
5.93707e+08  -0.223077
5.98484e+08  -0.217548
6.03281e+08  -0.220521
6.08097e+08  -0.222435
6.12932e+08  -0.216593
6.17786e+08  -0.230578
6.2266e+08  -0.220248
6.27552e+08  -0.222355
6.32464e+08  -0.226144
6.37395e+08  -0.222888
6.42345e+08  -0.226108
6.47314e+08  -0.222327
6.52302e+08  -0.222267
6.57309e+08  -0.238492
6.62336e+08  -0.21802
6.67381e+08  -0.221847
6.72446e+08  -0.231261
6.7753e+08  -0.22293
6.82633e+08  -0.230703
6.87756e+08  -0.222944
6.92897e+08  -0.220753
6.98058e+08  -0.223041
7.03237e+08  -0.223308
7.08436e+08  -0.230821
7.13654e+08  -0.220717
7.18892e+08  -0.218808
7.24148e+08  -0.230482
7.29423e+08  -0.216589
7.34718e+08  -0.220366
7.40032e+08  -0.22343
7.45365e+08  -0.22244
7.50717e+08  -0.224545
7.56088e+08  -0.219245
7.61478e+08  -0.226965
7.66888e+08  -0.222272
7.72317e+08  -0.220553
7.77764e+08  -0.228492
7.83231e+08  -0.220993
7.88717e+08  -0.222975
7.94223e+08  -0.220978
7.99747e+08  -0.225902
8.05291e+08  -0.225372
8.10853e+08  -0.223383
8.16435e+08  -0.228081
8.22036e+08  -0.221637
8.27656e+08  -0.22319
8.33296e+08  -0.223015
8.38954e+08  -0.221181
8.44632e+08  -0.220141
8.50329e+08  -0.222289
8.56044e+08  -0.228066
8.61779e+08  -0.21895
8.67534e+08  -0.222407
8.73307e+08  -0.223779
8.791e+08  -0.230654
8.84911e+08  -0.22131
8.90742e+08  -0.225215
8.96592e+08  -0.219767
9.02461e+08  -0.222624
9.08349e+08  -0.22442
9.14257e+08  -0.220639
9.20183e+08  -0.220675
9.26129e+08  -0.223421
9.32094e+08  -0.224218
9.38078e+08  -0.225283
9.44081e+08  -0.223789
9.50103e+08  -0.228961
9.56144e+08  -0.227122
9.62205e+08  -0.22298
9.68285e+08  -0.226312
9.74384e+08  -0.22585
9.80502e+08  -0.225298
9.86639e+08  -0.219471
9.92795e+08  -0.221541
9.98971e+08  -0.228701
1.00517e+09  -0.220025
1.01138e+09  -0.224562
1.01761e+09  -0.223772
1.02386e+09  -0.221045
1.03014e+09  -0.228297
1.03643e+09  -0.225509
1.04274e+09  -0.224391
1.04906e+09  -0.223586
1.05541e+09  -0.224215
1.06178e+09  -0.219952
1.06816e+09  -0.222971
1.07457e+09  -0.217826
1.08099e+09  -0.243885
1.08744e+09  -0.221091
1.0939e+09  -0.22427
1.10038e+09  -0.2274
1.10688e+09  -0.226687
1.1134e+09  -0.22322
1.11994e+09  -0.225314
1.1265e+09  -0.229802
1.13308e+09  -0.228135
1.13968e+09  -0.22237
1.14629e+09  -0.219342
1.15293e+09  -0.222848
1.15958e+09  -0.218308
1.16625e+09  -0.221561
1.17295e+09  -0.221255
1.17966e+09  -0.227811
1.18639e+09  -0.225895
1.19314e+09  -0.2217
1.19991e+09  -0.220894
1.2067e+09  -0.220203
1.2135e+09  -0.220852
1.22033e+09  -0.23138
1.22718e+09  -0.219403
1.23404e+09  -0.225249
1.24092e+09  -0.222672
1.24783e+09  -0.219272
1.25475e+09  -0.222893
1.26169e+09  -0.222885
1.26865e+09  -0.220355
1.27563e+09  -0.222988
1.28263e+09  -0.21834
1.28965e+09  -0.228075
1.29669e+09  -0.222696
1.30374e+09  -0.224883
1.31082e+09  -0.225942
1.31791e+09  -0.223049
1.32503e+09  -0.227913
1.33216e+09  -0.227229
1.33931e+09  -0.223165
1.34648e+09  -0.221673
1.35367e+09  -0.226775
1.36088e+09  -0.224783
1.36811e+09  -0.225954
1.37536e+09  -0.219868
1.38263e+09  -0.226325
1.38991e+09  -0.230496
1.39722e+09  -0.234732
1.40454e+09  -0.227547
1.41188e+09  -0.226126
1.41925e+09  -0.221883
1.42663e+09  -0.221417
1.43403e+09  -0.227928
1.44145e+09  -0.221846
1.44889e+09  -0.223235
1.45635e+09  -0.224096
1.46383e+09  -0.226051
1.47132e+09  -0.224025
1.47884e+09  -0.222699
1.48637e+09  -0.222749
1.49393e+09  -0.224866
1.5015e+09  -0.219143
1.50909e+09  -0.221487
1.5167e+09  -0.219549
1.52434e+09  -0.219981
1.53199e+09  -0.219234
