0  -1.51297
100  -1.13965
200  -0.573281
300  -0.245757
400  -0.101848
500  -0.0425008
600  -0.567826
700  -1.03955
800  -0.424079
900  -0.418051
1000  -0.439925
1100  -0.345175
1200  -0.327292
1300  -0.339168
1400  -0.309301
1500  -0.706496
1600  -0.250565
1700  -0.476102
1800  -0.280214
1900  -0.292454
2000  -0.451227
2100  -0.216128
2200  -0.262046
2300  -0.274197
2400  -0.32494
2500  -0.323959
2600  -0.318818
2700  -0.252493
2800  -0.271082
2900  -0.27004
3000  -0.284897
3100  -0.200915
3200  -0.245525
3300  -0.296238
3400  -0.284139
3500  -0.301359
3600  -0.30531
3700  -0.217379
3800  -0.272684
3900  -0.265827
4000  -0.240854
4100  -0.304683
4200  -0.29399
4300  -0.282665
4400  -0.224218
4500  -0.245429
4600  -0.29611
4700  -0.25881
4800  -0.205886
4900  -0.30256
5000  -0.282848
5100  -0.210005
5200  -0.222951
5300  -0.295179
5400  -0.271181
5500  -0.230712
5600  -0.22628
5700  -0.223495
5800  -0.227416
5900  -0.25862
6000  -0.241677
6100  -0.270886
6200  -0.283828
6300  -0.326991
6400  -0.241986
6500  -0.22531
6600  -0.258149
6700  -0.250938
6800  -0.25276
6900  -0.243466
7000  -0.325606
7100  -0.266991
7200  -0.24509
7300  -0.215986
7400  -0.252622
7500  -0.211868
7600  -0.33256
7700  -0.227249
7800  -0.264171
7900  -0.257499
8000  -0.243621
8100  -0.246711
8200  -0.254866
8300  -0.233314
8400  -0.264455
8500  -0.255596
8600  -0.263191
8700  -0.224667
8800  -0.231136
8900  -0.227821
9000  -0.25436
9100  -0.235671
9200  -0.268067
9300  -0.235882
9400  -0.228943
9500  -0.228661
9600  -0.243892
9700  -0.249649
9800  -0.229363
9900  -0.232758
10000  -0.229704
10100  -0.221936
10200  -0.252192
10300  -0.252785
10400  -0.235153
10500  -0.231237
10600  -0.218437
10700  -0.248282
10800  -0.222788
10900  -0.245749
11000  -0.353293
11100  -0.251011
11200  -0.241403
11300  -0.225858
11400  -0.236216
11500  -0.219008
11600  -0.23035
11700  -0.244728
11800  -0.242188
11900  -0.235909
12000  -0.223482
12100  -0.245177
12200  -0.222708
12300  -0.239763
12400  -0.242884
12500  -0.226823
12600  -0.222466
12700  -0.24492
12800  -0.229742
12900  -0.23081
13000  -0.236592
13100  -0.215081
13200  -0.232631
13300  -0.230978
13400  -0.220816
13500  -0.25436
13600  -0.237695
13700  -0.226654
13800  -0.243098
13900  -0.242721
14000  -0.222401
14100  -0.230126
14200  -0.227717
14300  -0.244585
14400  -0.23586
14500  -0.237831
14600  -0.230949
14700  -0.243048
14800  -0.228754
14900  -0.233593
15000  -0.227342
15100  -0.232995
15200  -0.224614
15300  -0.238332
15400  -0.244948
15500  -0.230781
15600  -0.218894
15700  -0.219918
15800  -0.225966
15900  -0.245416
16000  -0.22998
16100  -0.225207
16200  -0.227064
16300  -0.232745
16400  -0.224632
16500  -0.233524
16600  -0.230691
16700  -0.236402
16800  -0.224851
16900  -0.236694
17000  -0.227742
17100  -0.22178
17200  -0.229099
17300  -0.232921
17400  -0.231538
17500  -0.229507
17600  -0.232983
17700  -0.226
17800  -0.231995
17900  -0.234189
18000  -0.224957
18100  -0.23348
18200  -0.234555
18300  -0.243425
18400  -0.220482
18500  -0.229353
18600  -0.234897
18700  -0.226691
18800  -0.221899
18900  -0.222919
19000  -0.234229
19100  -0.221994
19200  -0.231479
19300  -0.222949
19400  -0.226553
19500  -0.227355
19600  -0.232725
19700  -0.230573
19800  -0.236918
19900  -0.227905
20000  -0.21975
20100  -0.235871
20200  -0.228632
20300  -0.22484
20400  -0.228437
20500  -0.226601
20600  -0.223883
20700  -0.23076
20800  -0.242451
20900  -0.235971
21000  -0.230301
21100  -0.22544
21200  -0.244019
21300  -0.219679
21400  -0.252137
21500  -0.234498
21600  -0.232241
21700  -0.231714
21800  -0.228609
21900  -0.227402
22000  -0.228196
22100  -0.232169
22200  -0.22674
22300  -0.227625
22400  -0.241207
22500  -0.232003
22600  -0.232489
22700  -0.24007
22800  -0.222037
22900  -0.240502
23000  -0.228419
23100  -0.224808
23200  -0.224703
23300  -0.228192
23400  -0.233145
23500  -0.229081
23600  -0.226999
23700  -0.229962
23800  -0.234849
23900  -0.220391
24000  -0.233446
24100  -0.226822
24200  -0.225702
24300  -0.229076
24400  -0.227216
24500  -0.226958
24600  -0.243078
24700  -0.232598
24800  -0.228792
24900  -0.227219
25000  -0.221636
25100  -0.224639
25200  -0.226515
25300  -0.220598
25400  -0.234675
25500  -0.224254
25600  -0.226351
25700  -0.230173
25800  -0.226861
25900  -0.230078
26000  -0.226274
26100  -0.226165
26200  -0.242512
26300  -0.221861
26400  -0.225641
26500  -0.235175
26600  -0.226713
26700  -0.234536
26800  -0.226721
26900  -0.224461
27000  -0.226769
27100  -0.227018
27200  -0.234559
27300  -0.224353
27400  -0.222458
27500  -0.234182
27600  -0.220168
27700  -0.223922
27800  -0.227001
27900  -0.226003
28000  -0.228123
28100  -0.222755
28200  -0.23056
28300  -0.225752
28400  -0.224053
28500  -0.232044
28600  -0.224541
28700  -0.226417
28800  -0.224385
28900  -0.229349
29000  -0.22882
29100  -0.226997
29200  -0.231496
29300  -0.224966
29400  -0.226511
29500  -0.226322
29600  -0.224521
29700  -0.223451
29800  -0.22555
29900  -0.231339
30000  -0.222209
30100  -0.225632
30200  -0.227007
30300  -0.233928
30400  -0.224464
30500  -0.228396
30600  -0.222942
30700  -0.225762
30800  -0.227569
30900  -0.223719
31000  -0.223793
31100  -0.226501
31200  -0.227292
31300  -0.228411
31400  -0.22683
31500  -0.232116
31600  -0.23023
31700  -0.225981
31800  -0.229324
31900  -0.22884
32000  -0.228307
32100  -0.222418
32200  -0.224497
32300  -0.231677
32400  -0.22295
32500  -0.2275
32600  -0.226691
32700  -0.223954
32800  -0.231213
32900  -0.228397
33000  -0.227248
33100  -0.226427
33200  -0.227062
33300  -0.22276
33400  -0.225785
33500  -0.22059
33600  -0.246796
33700  -0.223848
33800  -0.227079
33900  -0.230168
34000  -0.229431
34100  -0.225962
34200  -0.228038
34300  -0.232534
34400  -0.230844
34500  -0.225052
34600  -0.222016
34700  -0.225584
34800  -0.220939
34900  -0.224202
35000  -0.2239
35100  -0.23051
35200  -0.228534
35300  -0.224279
35400  -0.223485
35500  -0.222777
35600  -0.223432
35700  -0.233995
35800  -0.221937
35900  -0.227805
36000  -0.225217
36100  -0.221781
36200  -0.225443
36300  -0.2254
36400  -0.222862
36500  -0.225483
36600  -0.220805
36700  -0.230587
36800  -0.225171
36900  -0.22736
37000  -0.228463
37100  -0.225543
37200  -0.23042
37300  -0.229691
37400  -0.225584
37500  -0.224081
37600  -0.22919
37700  -0.227179
37800  -0.228359
37900  -0.222222
38000  -0.228747
38100  -0.232896
38200  -0.23715
38300  -0.229912
38400  -0.228485
38500  -0.224219
38600  -0.223737
38700  -0.23026
38800  -0.224189
38900  -0.225537
39000  -0.226397
39100  -0.228375
39200  -0.226371
39300  -0.224961
39400  -0.225019
39500  -0.227131
39600  -0.221356
39700  -0.223731
39800  -0.221771
39900  -0.222185
40000  -0.221431
